,0,1,2,3,4,5,6,7,8,9,10,11
0,類型代號,基金統編,基金名稱,計價幣別,基金規模(台幣),基金規模(原幣),單位淨值(台幣),單位淨值(原幣),本月定時定額扣款筆數,本月定時定額扣款人數,本月定時定額扣款金額(台幣),本月定時定額扣款金額(原幣)
1,AA1,00965469,兆豐國際第一基金,TWD,392128342,0,12.8800,0.0000,141,116,690000,0
2,AB1,00971976,兆豐國際萬全基金,TWD,247065142,0,19.3400,0.0000,287,271,1179000,0
3,AA2,00992769,兆豐國際全球基金,TWD,1146673646,0,29.7400,0.0000,1627,1485,7503000,0
4,AA1,01050148,兆豐國際國民基金,TWD,334269406,0,21.8800,0.0000,94,82,380000,0
5,AA1,10341837,兆豐國際豐台灣基金,TWD,346303677,0,29.4100,0.0000,482,397,2584000,0
6,AA2,14699772,兆豐國際生命科學基金,TWD,266982736,0,16.5200,0.0000,670,593,2976000,0
7,AD1,18044796,兆豐國際寶鑽貨幣市場基金,TWD,73526247312,0,12.4387,0.0000,0,0,0,0
8,AA2,25637773,兆豐國際綠鑽基金,TWD,103395069,0,7.5300,0.0000,152,131,639000,0
9,AA2,26278352,兆豐國際全球高股息基金,TWD,112442362,0,10.4900,0.0000,245,224,976000,0
10,AA2,26299315A,兆豐國際民生動力基金(台幣),TWD,134337651,0,10.6700,0.0000,71,63,285000,0
11,AA2,26299315B,兆豐國際民生動力基金(美金),USD,1003549,32972,334.4900,10.9900,0,0,0,0
12,AE22,31829638A,兆豐國際全球債券組合基金A(累積型),TWD,9819429,0,10.8800,0.0000,10,10,38000,0
13,AE22,31829638B,兆豐國際全球債券組合基金B(配息型),TWD,108209451,0,10.8500,0.0000,8,8,80000,0
14,AC23,31923107A,兆豐國際新興市場高收益債券基金A(累積型),TWD,151741880,0,10.1383,0.0000,37,33,199000,0
15,AC23,31923107B,兆豐國際新興市場高收益債券基金B(月配型),TWD,337102332,0,8.3937,0.0000,6,6,70000,0
16,AD2,38522710,兆豐國際人民幣貨幣市場基金,CNY,1186690778,264389216,49.8900,11.1148,0,0,0,0
17,AA2,38592074A,兆豐國際中國A股基金(台幣),TWD,3631384463,0,17.0400,0.0000,1218,953,6435000,0
18,AA2,38592074B,兆豐國際中國A股基金(美金),USD,1768151090,58094069,513.7600,16.8800,17,10,259010,8510
19,AA2,38592074C,兆豐國際中國A股基金(人民幣),CNY,154662633,34458119,56.7300,12.6400,4,2,19749,4400
20,AE24,42312011A,兆豐國際目標策略ETF組合基金(台幣),TWD,309760563,0,10.0173,0.0000,34,30,122000,0
21,AE24,42312011B,兆豐國際目標策略ETF組合基金(美元),USD,46228449,1518874,311.9600,10.2497,0,0,0,0
22,AB2,42334401A,兆豐國際大中華平衡基金(台幣),TWD,554003530,0,9.6900,0.0000,56,49,216000,0
23,AB2,42334401B,兆豐國際大中華平衡基金(美元),USD,62291133,2046627,313.1900,10.2900,0,0,0,0
24,AB2,42334401C,兆豐國際大中華平衡基金(人民幣),CNY,29057232,6473817,48.0700,10.7100,0,0,0,0
25,AD2,42406642A,兆豐國際美元貨幣市場基金(新台幣),TWD,270040100,0,9.7077,0.0000,0,0,0,0
26,AD2,42406642B,兆豐國際美元貨幣市場基金(美元),USD,640841191,21055368,306.8300,10.0810,0,0,0,0
27,AH1,42482107,兆豐國際臺灣藍籌30ETF基金,TWD,457968325,0,20.9800,0.0000,0,0,0,0
28,AH1,42482113,兆豐國際臺灣藍籌30單日反向一倍ETF基金,TWD,124951041,0,18.9100,0.0000,0,0,0,0
29,AA1,73991751,兆豐國際電子基金,TWD,545541635,0,22.8800,0.0000,607,535,2663000,0
30,AA1,81584996,兆豐國際中小基金,TWD,279683546,0,13.3700,0.0000,215,197,908000,0
31,兆豐國際投信,兆豐國際投信,兆豐國際投信,兆豐國際投信,87278977693,,,,5981,5195,28221759,
32,AD1,01032249,第一金全家福貨幣市場基金,TWD,41991440608,0,177.0250,0.0000,0,0,0,0
33,AA2,10338642,第一金全球大趨勢基金,TWD,714603978,0,20.4100,0.0000,499,392,2399082,0
34,AA1,15739619,第一金大中華基金,TWD,321212181,0,21.9800,0.0000,432,364,2241032,0
35,AA2,17612378,第一金亞洲科技基金,TWD,491389713,0,18.9800,0.0000,710,587,3190026,0
36,AA1,19341318,第一金電子基金,TWD,876900338,0,26.5600,0.0000,1075,840,5329935,0
37,AD1,20081472,第一金台灣貨幣市場基金,TWD,34808251392,0,15.1755,0.0000,0,0,0,0
38,AA1,20092528,第一金店頭市場基金,TWD,426612062,0,8.4700,0.0000,186,141,1169006,0
39,AC23,25593418A,第一金全球高收益債券基金A,TWD,2033717617,0,14.8470,0.0000,582,412,2464907,0
40,AC23,25593418B,第一金全球高收益債券基金B,TWD,5977238737,0,9.5217,0.0000,946,908,7091283,0
41,AC23,25593418C,第一金全球高收益債券基金A-美元,USD,48232555,1584721,297.1943,9.7646,8,8,48589,1600
42,AC23,25593418D,第一金全球高收益債券基金B-美元,USD,47102025,1547576,254.0010,8.3454,3,3,21109,700
43,AC23,25593418E,第一金全球高收益債券基金A-人民幣,CNY,16067609,3577836,48.4671,10.7924,4,4,17770,4000
44,AC23,25593418F,第一金全球高收益債券基金B-人民幣,CNY,31850852,7092350,46.1779,10.2826,11,11,57756,13000
45,AA2,25620512A,第一金中國世紀基金,TWD,4059060993,0,10.1500,0.0000,5004,4285,31343125,0
46,AA2,25620512B,第一金中國世紀基金-人民幣,CNY,363131435,80859859,61.9800,13.8000,86,79,794632,157714
47,AA2,25652648,第一金亞洲新興市場基金,TWD,394362995,0,12.3100,0.0000,593,441,2907146,0
48,AA1,26202396,第一金創新趨勢基金,TWD,1074647350,0,18.6500,0.0000,1521,1154,7810924,0
49,AB2,38539992A,第一金全球多重資產入息平衡基金(累積型),TWD,187828253,0,10.1592,0.0000,125,102,422000,0
50,AB2,38539992B,第一金全球多重資產入息平衡基金(配息型),TWD,206595196,0,9.0138,0.0000,59,59,246000,0
51,AD2,38646796A,第一金人民幣貨幣市場基金-新臺幣,TWD,556714748,0,9.4742,0.0000,226,67,693000,0
52,AD2,38646796B,第一金人民幣貨幣市場基金-人民幣,CNY,432560133,96343972,48.4269,10.7861,0,0,0,0
53,AC23,42334486A,第一金人民幣高收益債券基金(累積型)-新臺幣,TWD,474668275,0,9.2493,0.0000,81,68,281000,0
54,AC23,42334486B,第一金人民幣高收益債券基金(配息型)-新臺幣,TWD,138027905,0,8.7003,0.0000,16,16,148000,0
55,AC23,42334486C,第一金人民幣高收益債券基金(累積型)-人民幣,CNY,54175119,12063380,46.9095,10.4455,0,0,0,0
56,AC23,42334486D,第一金人民幣高收益債券基金(配息型)-人民幣,CNY,32492533,7235236,44.3006,9.8646,4,4,22241,5000
57,AA2,42399017A,第一金全球機器人及自動化產業基金-新臺幣,TWD,1579241092,0,11.7900,0.0000,6021,5127,37290063,0
58,AA2,42399017B,第一金全球機器人及自動化產業基金-美元,USD,745258593,24486089,385.0217,12.6502,733,733,8441025,278940
59,AA2,42455621A,第一金全球FinTech金融科技基金-新臺幣,TWD,832072984,0,10.8700,0.0000,1124,866,7003386,0
60,AA2,42455621B,第一金全球FinTech金融科技基金-美元,USD,247358814,8127179,349.0341,11.4678,169,169,13142982,435050
61,AE23,42480678A,第一金全球大四喜收益組合基金-累積型-新臺幣,TWD,1467939754,0,10.0795,0.0000,228,176,785646,0
62,AE23,42480678B,第一金全球大四喜收益組合基金-配息型-新臺幣,TWD,406106567,0,10.0795,0.0000,30,29,229000,0
63,AE23,42480678C,第一金全球大四喜收益組合基金-累積型-美元,USD,820433148,26956011,306.7323,10.0779,7,7,42365,1400
64,AE23,42480678D,第一金全球大四喜收益組合基金-配息型-美元,USD,364068967,11961788,306.7323,10.0779,3,3,21145,700
65,AG,48892846A,第一金全球不動產證券化基金A,TWD,162503682,0,7.4812,0.0000,173,116,737064,0
66,AG,48892846B,第一金全球不動產證券化基金B,TWD,48301416,0,5.5285,0.0000,13,11,130000,0
67,AA1,73989002,第一金小型精選基金,TWD,687676635,0,29.3500,0.0000,756,614,3550905,0
68,AB1,99353151,第一金中概平衡基金,TWD,245055416,0,21.4600,0.0000,511,416,2349000,0
69,第一金投信,第一金投信,第一金投信,第一金投信,103364901670,,,,21939,18212,142421144,
70,AB1,00971080,匯豐安富基金,TWD,834190350,0,24.5000,0.0000,0,0,0,0
71,AA1,01031298,匯豐龍鳳基金,TWD,2208835730,0,48.0000,0.0000,0,0,0,0
72,AA2,18031954,匯豐太平洋精典基金,TWD,373011783,0,16.6800,0.0000,0,0,0,0
73,AA2,25500903A,匯豐中國動力基金(台幣),TWD,1482351842,0,14.7900,0.0000,0,0,0,0
74,AA2,25500903B,匯豐中國動力基金(人民幣),CNY,1508419,336054,14.8000,3.3000,0,0,0,0
75,AA2,25500903C,匯豐中國動力基金(美元),USD,1897149,62332,14.7900,0.4900,0,0,0,0
76,AE22,25617919,匯豐雙高收益債券組合基金,TWD,298543199,0,12.5164,0.0000,0,0,0,0
77,AA2,25651866,匯豐黃金及礦業股票型基金,TWD,584705404,0,4.8700,0.0000,0,0,0,0
78,AC21,25695077A,匯豐資源豐富國家債券基金-累積型,TWD,332493984,0,9.1860,0.0000,0,0,0,0
79,AC21,25695077B,匯豐資源豐富國家債券基金-月配型,TWD,1716036913,0,5.9467,0.0000,0,0,0,0
80,AC23,26286281A,匯豐亞洲高收益債券基金-台幣不配息,TWD,124365059,0,11.8282,0.0000,0,0,0,0
81,AC23,26286281B,匯豐亞洲高收益債券基金-台幣配息,TWD,662024695,0,8.6424,0.0000,0,0,0,0
82,AC23,26286281C,匯豐亞洲高收益債券基金-人民幣不配息,CNY,18336687,4085148,11.5806,2.5800,0,0,0,0
83,AC23,26286281D,匯豐亞洲高收益債券基金-人民幣配息,CNY,14489639,3228082,11.0792,2.4683,0,0,0,0
84,AC23,26286281E,匯豐亞洲高收益債券基金-美元不配息,USD,46780296,1537005,11.6054,0.3813,0,0,0,0
85,AC23,26286281F,匯豐亞洲高收益債券基金-美元配息,USD,37862695,1244010,10.9439,0.3596,0,0,0,0
86,AA2,26335699,匯豐拉丁美洲基金,TWD,133838769,0,6.9500,0.0000,0,0,0,0
87,AC23,26396604A,匯豐中國點心高收益債券基金(台幣不配息),TWD,345519707,0,11.5630,0.0000,0,0,0,0
88,AC23,26396604B,匯豐中國點心高收益債券基金(人民幣不配息),CNY,73217609,16311823,10.6407,2.3706,0,0,0,0
89,AC23,26396604C,匯豐中國點心高收益債券基金(人民幣配息),CNY,242487391,54022679,9.2061,2.0510,0,0,0,0
90,AC23,26396604D,匯豐中國點心高收益債券基金(台幣配息),TWD,134157722,0,9.9376,0.0000,0,0,0,0
91,AC23,26396604E,匯豐中國點心高收益債券基金(美元不配息),USD,34644733,1138281,10.6219,0.3490,0,0,0,0
92,AC23,26396604F,匯豐中國點心高收益債券基金(美元配息),USD,80495753,2644755,9.3096,0.3059,0,0,0,0
93,AA2,38482745A,匯豐中國A股匯聚基金(台幣),TWD,4483656325,0,12.8808,0.0000,0,0,0,0
94,AA2,38482745B,匯豐中國A股匯聚基金(人民幣),CNY,607506050,135343550,12.8809,2.8697,0,0,0,0
95,AA2,38482745C,匯豐中國A股匯聚基金(美元),USD,2765581198,90865462,12.8809,0.4232,0,0,0,0
96,AB2,38647535A,匯豐中國多元資產入息平衡基金(台幣不配息),TWD,349394248,0,10.3091,0.0000,0,0,0,0
97,AB2,38647535B,匯豐中國多元資產入息平衡基金(台幣配息),TWD,456423219,0,9.6360,0.0000,0,0,0,0
98,AB2,38647535C,匯豐中國多元資產入息平衡基金(人民幣不配息),CNY,118087938,26308282,51.8555,11.5526,0,0,0,0
99,AB2,38647535D,匯豐中國多元資產入息平衡基金(人民幣配息),CNY,212651972,47375780,48.8036,10.8727,0,0,0,0
100,AB2,38647535E,匯豐中國多元資產入息平衡基金(美元不配息),USD,492702546,16188150,324.4589,10.6604,0,0,0,0
101,AB2,38647535F,匯豐中國多元資產入息平衡基金(美元配息),USD,621909896,20433365,305.1747,10.0268,0,0,0,0
102,AA2,42325064A,匯豐中國科技精選基金(台幣),TWD,521485742,0,10.2600,0.0000,0,0,0,0
103,AA2,42325064B,匯豐中國科技精選基金(人民幣),CNY,72686370,16193471,53.2700,11.8700,0,0,0,0
104,AA2,42325064C,匯豐中國科技精選基金(美元),USD,231667539,7611629,339.3100,11.1500,0,0,0,0
105,AB2,42443317A,匯豐亞太不含日本多元資產入息平衡基金(台幣不配息),TWD,129677396,0,10.4000,0.0000,0,0,0,0
106,AB2,42443317B,匯豐亞太不含日本多元資產入息平衡基金(台幣配息),TWD,96066163,0,10.3600,0.0000,0,0,0,0
107,AB2,42443317C,匯豐亞太不含日本多元資產入息平衡基金(人民幣配息),CNY,58536928,13041180,49.4400,11.0100,0,0,0,0
108,AB2,42443317D,匯豐亞太不含日本多元資產入息平衡基金(美元不配息),USD,217307815,7139828,330.2200,10.8500,0,0,0,0
109,AB2,42443317E,匯豐亞太不含日本多元資產入息平衡基金(美元配息),USD,182335388,5990780,328.9000,10.8100,0,0,0,0
110,AB2,42443317F,匯豐亞太不含日本多元資產入息平衡基金(澳幣配息),AUD,68583000,2930619,251.0200,10.7300,0,0,0,0
111,AA2,48686374,匯豐金磚動力基金,TWD,3231383861,0,12.6900,0.0000,0,0,0,0
112,AE22,48745129,匯豐五福全球債券組合基金,TWD,214138363,0,13.3414,0.0000,0,0,0,0
113,AA2,48784327,匯豐新鑽動力基金,TWD,1342308173,0,10.1000,0.0000,0,0,0,0
114,AE21,48865209,匯豐全球趨勢組合基金,TWD,625949716,0,11.0000,0.0000,0,0,0,0
115,AA2,48925001,匯豐全球關鍵資源基金,TWD,1507250753,0,7.1800,0.0000,0,0,0,0
116,AA1,73987671,匯豐台灣精典基金,TWD,625529318,0,22.4700,0.0000,0,0,0,0
117,AA1,76941376,匯豐成功基金,TWD,674381513,0,35.9700,0.0000,0,0,0,0
118,AA1,92017794,匯豐龍騰電子基金,TWD,1234226114,0,34.5700,0.0000,0,0,0,0
119,AD1,92025871,匯豐富泰貨幣市場基金,TWD,397794059,0,15.7951,0.0000,0,0,0,0
120,AD1,97993027,匯豐富泰二號貨幣市場基金,TWD,802869382,0,14.9550,0.0000,0,0,0,0
121,AA1,97995664,匯豐中小基金,TWD,369830816,0,10.1100,0.0000,0,0,0,0
122,匯豐中華投信,匯豐中華投信,匯豐中華投信,匯豐中華投信,32493717329,,,,0,0,0,
123,AA1,00974066,元大2001基金,TWD,1099437681,0,58.1900,0.0000,2795,2070,12827307,0
124,AA1,01032058,元大多福基金,TWD,2756053911,0,53.9400,0.0000,7211,6051,33965842,0
125,AA2,10348058,元大全球農業商機基金,TWD,538390173,0,15.2500,0.0000,1446,1130,6481198,0
126,AD1,13530495,元大得寶貨幣市場基金,TWD,16987641434,0,11.9278,0.0000,14,13,1555280,0
127,AA1,14542287,元大精準中小基金,TWD,522890814,0,19.4000,0.0000,422,335,2164505,0
128,AA1,17139204,元大新主流基金,TWD,2315918989,0,20.9600,0.0000,3630,3210,16207508,0
129,AA1,18036281,元大巴菲特基金,TWD,558506823,0,26.5100,0.0000,1768,1434,8425503,0
130,AA1,20080023,元大店頭基金,TWD,1182184835,0,7.6600,0.0000,1111,999,4572500,0
131,AD1,20081331,元大萬泰貨幣市場基金,TWD,32382351044,0,15.0342,0.0000,257,236,3794751,0
132,AG,21718388A,元大全球不動產證券化基金(A)-不配息型,TWD,1160628501,0,12.0300,0.0000,760,556,4088073,0
133,AG,21718388B,元大全球不動產證券化基金(B)-配息型,TWD,1540450894,0,8.6200,0.0000,134,111,1541001,0
134,AG,21718388C,元大全球不動產證券化基金-美元,USD,626695,20591,341.8570,11.2320,0,0,0,0
135,AG,21718388D,元大全球不動產證券化基金-人民幣,CNY,359669,80133,53.0500,11.8200,0,0,0,0
136,AA2,25520400A,元大新中國基金-新台幣,TWD,1590440477,0,9.8700,0.0000,1963,1246,11176098,0
137,AA2,25520400B,元大新中國基金-美元,USD,14613263,480131,305.6990,10.0440,0,0,0,0
138,AA2,25520400C,元大新中國基金-人民幣,CNY,8490272,1891593,47.3500,10.5500,0,0,0,0
139,AI2,25591306A,元大大中華價值指數基金-新台幣,TWD,919718037,0,16.0080,0.0000,1584,1056,8392046,0
140,AI2,25591306B,元大大中華價值指數基金-美元,USD,12563081,412770,365.6890,12.0150,0,0,0,0
141,AI2,25591306C,元大大中華價值指數基金-人民幣,CNY,24137792,5377788,56.7300,12.6400,0,0,0,0
142,AH2,25610486,元大標智滬深300基金,TWD,11614760348,0,16.8200,0.0000,23,1,263506,0
143,AA2,25622390,元大印度基金,TWD,412619482,0,11.7300,0.0000,1373,945,7158023,0
144,AE22,25638920A,元大全球靈活配置債券組合基金(A)-不配息型,TWD,97333581,0,10.4900,0.0000,21,17,114000,0
145,AE22,25638920B,元大全球靈活配置債券組合基金(B)-配息型,TWD,47795476,0,10.4400,0.0000,19,17,100000,0
146,AA2,25643156,元大新興亞洲基金,TWD,500635086,0,10.9100,0.0000,1022,777,4300183,0
147,AI2,26203825,元大印度指數基金,TWD,182159533,0,9.3080,0.0000,554,325,2751069,0
148,AI2,26203846,元大印尼指數基金,TWD,265654015,0,9.6320,0.0000,595,372,2890210,0
149,AI2,26203851,元大巴西指數基金,TWD,457333234,0,5.3170,0.0000,1081,501,6986229,0
150,AA2,26206323,元大華夏中小基金,TWD,1091220208,0,7.9700,0.0000,1161,805,6134011,0
151,AH1,26282102,元大富櫃50基金,TWD,279416702,0,12.4500,0.0000,23,1,222105,0
152,AH1,26306553,元大摩臺基金,TWD,288166241,0,37.3400,0.0000,25,3,131827,0
153,AA2,26326707,元大新興市場ESG策略基金,TWD,478285179,0,11.6100,0.0000,210,143,924000,0
154,AC23,26394367,元大中國高收益點心債券基金,TWD,238127359,0,10.8558,0.0000,74,56,948454,0
155,AB2,31830473A,元大中國平衡基金-新台幣,TWD,984351687,0,13.9800,0.0000,1029,734,4958549,0
156,AB2,31830473B,元大中國平衡基金-人民幣,CNY,91271539,20334877,14.0000,3.1200,0,0,0,0
157,AH2,31830488,元大上證50基金,TWD,5441957607,0,28.4500,0.0000,23,1,7908503,0
158,AI2,31931789A,元大亞太政府公債指數基金(A)-不配息型,TWD,929052109,0,8.7709,0.0000,84,63,355001,0
159,AI2,31931789B,元大亞太政府公債指數基金(B)-配息型,TWD,191965999,0,7.5150,0.0000,41,28,362000,0
160,AC21,38546950A,元大中國機會債券基金-新台幣,TWD,177599435,0,9.6988,0.0000,55,34,237001,0
161,AC21,38546950B,元大中國機會債券基金-人民幣(A)不配息,CNY,57776211,12872273,47.2263,10.5218,0,0,0,0
162,AC21,38546950C,元大中國機會債券基金-人民幣(B)配息,CNY,53271751,11868700,44.6190,9.9409,0,0,0,0
163,AD2,38546966A,元大人民幣貨幣市場基金-新台幣,TWD,2651123583,0,10.1665,0.0000,148,80,821066,0
164,AD2,38546966B,元大人民幣貨幣市場基金-人民幣,CNY,865462779,192821103,49.3282,10.9901,0,0,0,0
165,AH1,38619904,元大台灣50單日正向2倍基金,TWD,703443338,0,32.5900,0.0000,0,0,0,0
166,AH1,38619910,元大台灣50單日反向1倍基金,TWD,65571431489,0,14.0900,0.0000,0,0,0,0
167,AA2,38639090A,元大大中華TMT基金-新台幣,TWD,2077948964,0,10.8300,0.0000,3011,1890,15183425,0
168,AA2,38639090B,元大大中華TMT基金-人民幣,CNY,262316909,58442994,54.4400,12.1300,0,0,0,0
169,AH2,42300232,元大滬深300單日反向1倍基金,TWD,105842081,0,16.4100,0.0000,0,0,0,0
170,AH2,42300253,元大滬深300單日正向2倍基金,TWD,24642768831,0,15.0300,0.0000,0,0,0,0
171,AA2,42307684A,元大全球股票入息基金-新台幣不配息,TWD,511193513,0,9.7600,0.0000,59,45,255000,0
172,AA2,42307684B,元大全球股票入息基金-新台幣配息,TWD,206729203,0,9.1400,0.0000,22,17,120000,0
173,AA2,42307684C,元大全球股票入息基金-美元配息,USD,180939669,5944923,283.6640,9.3200,0,0,0,0
174,AC21,42321314A,元大新興印尼機會債券基金-新台幣不配息,TWD,1812325610,0,11.1979,0.0000,186,139,911987,0
175,AC21,42321314B,元大新興印尼機會債券基金-新台幣配息,TWD,794667195,0,10.3943,0.0000,99,54,1014000,0
176,AC21,42321314C,元大新興印尼機會債券基金-美金,USD,198161594,6510763,340.8771,11.1998,0,0,0,0
177,AC21,42321314D,元大新興印尼機會債券基金-人民幣,CNY,109679274,24436035,53.4158,11.9008,0,0,0,0
178,AH2,42333563,元大標普500單日反向1倍基金,TWD,2897212280,0,15.7300,0.0000,0,0,0,0
179,AH2,42333579,元大標普500單日正向2倍基金,TWD,128866080,0,26.2100,0.0000,0,0,0,0
180,AH2,42333613,元大標普500基金,TWD,3015628488,0,22.0100,0.0000,23,1,2108896,0
181,AC21,42381749A,元大全球美元公司債券基金-新台幣(A)不配息,TWD,418634390,0,9.5803,0.0000,19,10,105000,0
182,AC21,42381749B,元大全球美元公司債券基金-新台幣(B)配息,TWD,56154670,0,9.1826,0.0000,12,10,84000,0
183,AC21,42381749C,元大全球美元公司債券基金-美元(A)不配息,USD,48527297,1594405,315.8739,10.3783,0,0,0,0
184,AC21,42381749D,元大全球美元公司債券基金-美元(B)配息,USD,28287009,929393,300.8294,9.8840,0,0,0,0
185,AD2,42381754A,元大美元貨幣市場基金-新台幣,TWD,1406067582,0,9.3197,0.0000,90,39,661006,0
186,AD2,42381754B,元大美元貨幣市場基金-美元,USD,1013675738,33305156,306.9258,10.0843,0,0,0,0
187,AH2,42398663,元大日經225基金,TWD,111311284,0,25.1600,0.0000,0,0,0,0
188,AH2,42398684,元大歐洲50基金,TWD,1027737476,0,24.1600,0.0000,0,0,0,0
189,AB2,42403764A,元大新東協平衡基金-新台幣,TWD,1461611852,0,9.5300,0.0000,135,107,589998,0
190,AB2,42403764B,元大新東協平衡基金-美元,USD,159284477,5233423,301.4080,9.9030,0,0,0,0
191,AH2,42441583,元大韓國KOSPI200基金,TWD,122218608,0,22.5100,0.0000,0,0,0,0
192,AB2,42451239A,元大大中華豐益平衡基金-新台幣,TWD,1033179593,0,10.0250,0.0000,79,32,325002,0
193,AB2,42451239B,元大大中華豐益平衡基金-人民幣,CNY,201519668,44897650,46.7200,10.4090,0,0,0,0
194,AD2,42458937A,元大澳幣貨幣市場基金-新台幣,TWD,277357654,0,9.8443,0.0000,8,6,37000,0
195,AD2,42458937B,元大澳幣貨幣市場基金-澳幣,AUD,119160261,5100996,234.8330,10.0527,0,0,0,0
196,AH2,42461567,元大美國政府20年期(以上)債券單日正向2倍基金,TWD,115974641,0,20.7989,0.0000,0,0,0,0
197,AH2,42461573,元大美國政府20年期(以上)債券基金,TWD,25521399148,0,39.4951,0.0000,0,0,0,0
198,AH2,42461588,元大美國政府20年期(以上)債券單日反向1倍基金,TWD,182618715,0,19.0347,0.0000,0,0,0,0
199,AH2,42469744,元大美國政府7至10年期債券基金,TWD,583305952,0,39.6483,0.0000,0,0,0,0
200,AH2,42469759,元大美國政府7至10年期債券單日正向2倍基金,TWD,208682000,0,19.5964,0.0000,0,0,0,0
201,AH2,42469765,元大美國政府7至10年期債券單日反向1倍基金,TWD,205743776,0,20.1433,0.0000,0,0,0,0
202,AC21,42481326A,元大新興亞洲美元債券基金-新台幣(A)不配息,TWD,734362454,0,10.0228,0.0000,2,2,15000,0
203,AC21,42481326B,元大新興亞洲美元債券基金-新台幣避險(A)不配息,TWD,182326134,0,9.9480,0.0000,1,1,4000,0
204,AC21,42481326C,元大新興亞洲美元債券基金-新台幣(B)配息,TWD,246441428,0,10.0228,0.0000,0,0,0,0
205,AC21,42481326D,元大新興亞洲美元債券基金-美元(A)不配息,USD,1229395218,40392799,304.2078,9.9950,0,0,0,0
206,AC21,42481326E,元大新興亞洲美元債券基金-美元(B)配息,USD,424832705,13958231,304.2078,9.9950,0,0,0,0
207,AA2,48708243,元大亞太成長基金,TWD,1112693738,0,9.0800,0.0000,1453,1242,6361039,0
208,AA2,48753324,元大泛歐成長基金,TWD,658465328,0,9.1200,0.0000,938,782,4020214,0
209,AE21,48760113,元大全球新興市場精選組合基金,TWD,1033884918,0,12.9000,0.0000,1141,990,4835006,0
210,AH1,48772770,元大台灣中型100基金,TWD,384760291,0,29.6000,0.0000,23,1,285030,0
211,AE21,48789815,元大全球ETF成長組合基金,TWD,883197651,0,9.9000,0.0000,363,291,1701000,0
212,AC22,48849362A,元大全球滿意入息基金-不配息型,TWD,28294602,0,10.7400,0.0000,0,0,0,0
213,AC22,48849362B,元大全球滿意入息基金-配息型,TWD,71421898,0,7.3500,0.0000,0,0,0,0
214,AG,48885346A,元大全球地產建設入息基金-不配息型,TWD,725090875,0,8.1100,0.0000,187,160,787800,0
215,AG,48885346B,元大全球地產建設入息基金-配息型,TWD,316938599,0,6.4700,0.0000,17,17,174000,0
216,AH1,48903175,元大台灣金融基金,TWD,779841815,0,15.5500,0.0000,23,1,788430,0
217,AH1,48903180,元大台商收成基金,TWD,360172607,0,25.5000,0.0000,23,1,228447,0
218,AH1,48903196,元大台灣電子科技基金,TWD,317872336,0,35.3700,0.0000,23,1,2004811,0
219,AA2,48952816A,元大全球公用能源效率基金-不配息型,TWD,671890601,0,8.7200,0.0000,192,139,751000,0
220,AA2,48952816B,元大全球公用能源效率基金-配息型,TWD,109809808,0,6.7400,0.0000,15,13,149000,0
221,AH1,48966213,元大台灣高股息基金,TWD,8190596959,0,25.6700,0.0000,671,2,8953102,0
222,AA1,81584335,元大高科技基金,TWD,2985297630,0,14.2700,0.0000,3680,3464,15379600,0
223,AA1,83863951,元大經貿基金,TWD,1106732641,0,31.2600,0.0000,2442,2200,10935000,0
224,AA1,92001765,元大多多基金,TWD,873532615,0,18.7100,0.0000,1369,1254,5637001,0
225,AA1,92004566,元大績效基金,TWD,575459715,0,42.3000,0.0000,837,626,3971215,0
226,AD1,92017204,元大得利貨幣市場基金,TWD,16368420643,0,16.1765,0.0000,38,26,51046000,0
227,AA1,92026219,元大卓越基金,TWD,3154928374,0,46.5500,0.0000,7058,6409,32922812,0
228,AH1,98764389,元大台灣卓越50基金,TWD,58593995765,0,80.4900,0.0000,877,2,28640525,0
229,AI1,99346928,元大台灣加權股價指數基金,TWD,2583490125,0,23.1440,0.0000,3854,2483,20568590,0
230,AE23,99967974,元大全球ETF穩健組合基金,TWD,905634446,0,14.0700,0.0000,333,278,1768000,0
231,元大投信,元大投信,元大投信,元大投信,334144131757,,,,59959,46085,386079285,
232,AA2,14687516,景順全球康健基金,TWD,487527383,0,17.1300,0.0000,35,32,150000,0
233,AA1,17140568,景順主流基金,TWD,615483647,0,19.0600,0.0000,46,40,236000,0
234,AC21,38522556A,景順人民幣新興亞太入息基金累積型新台幣,TWD,24978234,0,10.3385,0.0000,0,0,0,0
235,AC21,38522556B,景順人民幣新興亞太入息基金月配型新台幣,TWD,129617177,0,8.7609,0.0000,0,0,0,0
236,AC21,38522556C,景順人民幣新興亞太入息基金累積型美元,USD,5848813,192168,315.7198,10.3732,0,0,0,0
237,AC21,38522556D,景順人民幣新興亞太入息基金月配型美元,USD,71276467,2341847,268.9065,8.8351,0,0,0,0
238,AC21,38522556E,景順人民幣新興亞太入息基金累積型人民幣,CNY,30766698,6850938,50.9850,11.3530,0,0,0,0
239,AC21,38522556F,景順人民幣新興亞太入息基金月配型人民幣,CNY,399539900,88967071,43.4180,9.6680,0,0,0,0
240,AE23,42391079A,景順全天候智慧組合基金累積型新台幣,TWD,159683539,0,10.3600,0.0000,0,0,0,0
241,AE23,42391079B,景順全天候智慧組合基金月配型新台幣,TWD,425319836,0,9.7600,0.0000,0,0,0,0
242,AE23,42391079C,景順全天候智慧組合基金累積型美元,USD,21516375,706938,323.8000,10.6400,0,0,0,0
243,AE23,42391079D,景順全天候智慧組合基金月配型美元,USD,252650740,8301049,305.2200,10.0300,0,0,0,0
244,AE23,42391079E,景順全天候智慧組合基金月配型人民幣,CNY,9841441,2191431,45.5700,10.1500,0,0,0,0
245,AA1,73989256,景順台灣科技基金,TWD,671550517,0,32.2600,0.0000,203,193,1133000,0
246,AA1,92019786,景順潛力基金,TWD,2125840520,0,35.4400,0.0000,276,261,1574000,0
247,AD1,92025942,景順貨幣市場基金,TWD,1554339475,0,15.8782,0.0000,0,0,0,0
248,AA2,97993482,景順全球科技基金,TWD,1601551321,0,17.3000,0.0000,334,328,1558000,0
249,景順投信,景順投信,景順投信,景順投信,8587332083,,,,894,854,4651000,
250,AA2,10310200,瀚亞全球綠色金脈基金,TWD,333643822,0,14.9500,0.0000,202,186,843000,0
251,AA2,10357632A,瀚亞非洲基金-新臺幣,TWD,798023959,0,18.5700,0.0000,1097,881,5169000,0
252,AA2,10357632B,瀚亞非洲基金-南非幣,ZAR,3800899,1637401,24.3500,10.4900,0,0,0,0
253,AA2,14692623,瀚亞美國高科技基金,TWD,1732583942,0,20.8100,0.0000,234,173,1043000,0
254,AA1,17603899,瀚亞電通網基金,TWD,437941110,0,13.2600,0.0000,222,185,941000,0
255,AA2,17611814,瀚亞歐洲基金,TWD,2009867555,0,11.2300,0.0000,341,302,1676000,0
256,AB1,18036769,瀚亞理財通基金,TWD,3755596020,0,21.8000,0.0000,69,57,357000,0
257,AA2,21704130A,瀚亞印度基金-新台幣,TWD,8713734186,0,27.4300,0.0000,3930,3088,24801940,0
258,AA2,21704130B,瀚亞印度基金-美元,USD,23052059,757395,381.2200,12.5300,0,0,0,0
259,AA2,21704130C,瀚亞印度基金-人民幣,CNY,31295274,6984305,58.8400,13.1300,0,0,0,0
260,AA2,25633559,瀚亞巴西基金,TWD,1342903111,0,4.1700,0.0000,1132,808,6930000,0
261,AC23,26257384A,瀚亞全球高收益債券基金A-新台幣,TWD,3094247320,0,12.3843,0.0000,164,129,781000,0
262,AC23,26257384B,瀚亞全球高收益債券基金B-新台幣,TWD,4450198440,0,8.6176,0.0000,23,19,380000,0
263,AC23,26257384C,瀚亞全球高收益債券基金C-新台幣,TWD,1027887251,0,9.6996,0.0000,96,53,2590000,0
264,AC23,26257384D,瀚亞全球高收益債券基金A-美元,USD,47705701,1567410,313.3898,10.2967,0,0,0,0
265,AC23,26257384E,瀚亞全球高收益債券基金B-美元,USD,205964500,6767134,260.7934,8.5686,0,0,0,0
266,AC23,26257384F,瀚亞全球高收益債券基金A-澳幣,AUD,6307685,270044,234.7884,10.0517,0,0,0,0
267,AC23,26257384G,瀚亞全球高收益債券基金B-澳幣,AUD,77598823,3322152,180.9716,7.7477,0,0,0,0
268,AC23,26257384H,瀚亞全球高收益債券基金A-人民幣,CNY,250722099,55954762,46.7283,10.4286,0,0,0,0
269,AC23,26257384I,瀚亞全球高收益債券基金B-人民幣,CNY,1527419559,340880994,36.9057,8.2364,0,0,0,0
270,AA2,26384902A,瀚亞中國基金-新台幣,TWD,984655758,0,13.3500,0.0000,1207,833,7500000,0
271,AA2,26384902B,瀚亞中國基金-人民幣,CNY,37276023,8319055,57.0200,12.7300,0,0,0,0
272,AC21,31999540A,瀚亞新興南非蘭特債券基金A類型,ZAR,335347903,144434342,27.7353,11.9456,25,20,315765,136000
273,AC21,31999540B,瀚亞新興南非蘭特債券基金B類型,ZAR,453825901,195462816,21.2810,9.1657,10,8,232180,100000
274,AB2,38621330A,瀚亞亞太豐收平衡基金A-新台幣,TWD,490280453,0,10.5412,0.0000,48,47,203000,0
275,AB2,38621330B,瀚亞亞太豐收平衡基金B-新台幣,TWD,601803336,0,9.3012,0.0000,14,12,140000,0
276,AB2,38621330C,瀚亞亞太豐收平衡基金A-美元,USD,78214413,2569799,327.8630,10.7722,0,0,0,0
277,AB2,38621330D,瀚亞亞太豐收平衡基金B-美元,USD,151010944,4961590,289.4202,9.5091,0,0,0,0
278,AB2,38621330E,瀚亞亞太豐收平衡基金A-澳幣,AUD,13788711,590321,260.1644,11.1381,0,0,0,0
279,AB2,38621330F,瀚亞亞太豐收平衡基金B-澳幣,AUD,31580018,1352000,220.6513,9.4465,0,0,0,0
280,AB2,38621330G,瀚亞亞太豐收平衡基金A-南非幣,ZAR,13995333,6029093,29.6083,12.7551,0,0,0,0
281,AB2,38621330H,瀚亞亞太豐收平衡基金B-南非幣,ZAR,34382702,14811830,24.0336,10.3535,0,0,0,0
282,AB2,38621330I,瀚亞亞太豐收平衡基金A-人民幣,CNY,27235130,6078185,51.9120,11.5854,0,0,0,0
283,AB2,38621330J,瀚亞亞太豐收平衡基金B-人民幣,CNY,246892562,55100108,43.6346,9.7381,0,0,0,0
284,AE23,42266017A,瀚亞新興豐收基金A-新台幣,TWD,729522906,0,9.7991,0.0000,31,28,141000,0
285,AE23,42266017B,瀚亞新興豐收基金B-新台幣,TWD,362249204,0,8.7908,0.0000,3,3,30000,0
286,AE23,42266017C,瀚亞新興豐收基金A-美元,USD,4407212,144803,324.7019,10.6684,0,0,0,0
287,AE23,42266017D,瀚亞新興豐收基金B-美元,USD,28564652,938515,290.8081,9.5547,0,0,0,0
288,AE23,42266017E,瀚亞新興豐收基金A-澳幣,AUD,16393140,701821,224.2603,9.6010,0,0,0,0
289,AE23,42266017F,瀚亞新興豐收基金B-澳幣,AUD,9386075,401836,192.7650,8.2526,0,0,0,0
290,AE23,42266017G,瀚亞新興豐收基金A-南非幣,ZAR,2394455,1031515,23.5884,10.1617,0,0,0,0
291,AE23,42266017H,瀚亞新興豐收基金B-南非幣,ZAR,18876170,8131724,19.8616,8.5563,0,0,0,0
292,AE23,42266017I,瀚亞新興豐收基金A-人民幣,CNY,15808559,3528066,47.2909,10.5541,0,0,0,0
293,AE23,42266017J,瀚亞新興豐收基金B-人民幣,CNY,18540556,4137778,40.8859,9.1247,0,0,0,0
294,AB2,42404813A,瀚亞全球策略收益平衡基金A-新台幣,TWD,310079890,0,10.1500,0.0000,28,26,120000,0
295,AB2,42404813B,瀚亞全球策略收益平衡基金B-新台幣,TWD,296455126,0,9.6500,0.0000,7,6,140000,0
296,AB2,42404813C,瀚亞全球策略收益平衡基金A-美元,USD,39167351,1286876,326.6500,10.7300,0,0,0,0
297,AB2,42404813D,瀚亞全球策略收益平衡基金B-美元,USD,104023510,3417779,310.3100,10.2000,0,0,0,0
298,AB2,42404813E,瀚亞全球策略收益平衡基金A-人民幣,CNY,2003553,447142,49.2600,10.9900,0,0,0,0
299,AB2,42404813F,瀚亞全球策略收益平衡基金B-人民幣,CNY,22267958,4969639,46.4800,10.3700,0,0,0,0
300,AA2,42443772A,瀚亞全球策略收益股票基金A-新台幣,TWD,447304609,0,10.4500,0.0000,75,67,321000,0
301,AA2,42443772B,瀚亞全球策略收益股票基金B-新台幣,TWD,174710772,0,10.2400,0.0000,6,6,60000,0
302,AA2,42443772C,瀚亞全球策略收益股票基金A-美元,USD,65915190,2165698,331.1400,10.8800,0,0,0,0
303,AA2,42443772D,瀚亞全球策略收益股票基金B-美元,USD,209456597,6881870,324.2400,10.6500,0,0,0,0
304,AA2,42443772E,瀚亞全球策略收益股票基金A-人民幣,CNY,10973617,2449031,49.4400,11.0300,0,0,0,0
305,AA2,42443772F,瀚亞全球策略收益股票基金B-人民幣,CNY,46189820,10308387,48.2000,10.7600,0,0,0,0
306,AA2,48733897A,瀚亞亞太高股息基金A-新台幣,TWD,966702165,0,14.7900,0.0000,644,570,3356000,0
307,AA2,48733897B,瀚亞亞太高股息基金B-新台幣,TWD,10976801,0,9.4700,0.0000,16,12,180000,0
308,AA2,48733897C,瀚亞亞太高股息基金A-美金,USD,202342,6648,339.7300,11.1600,0,0,0,0
309,AA2,48733897D,瀚亞亞太高股息基金B-美金,USD,2665754,87586,291.7700,9.5900,0,0,0,0
310,AA2,48733897E,瀚亞亞太高股息基金A-人民幣,CNY,17098633,3815978,52.3900,11.6900,0,0,0,0
311,AA2,48733897F,瀚亞亞太高股息基金B-人民幣,CNY,42151049,9407036,44.8600,10.0100,0,0,0,0
312,AE22,48801000A,瀚亞精選傘型基金之債券精選組合基金A-新台幣,TWD,3040824854,0,13.8752,0.0000,55,46,304000,0
313,AE22,48801000B,瀚亞精選傘型基金之債券精選組合基金B-新台幣,TWD,419203653,0,12.0744,0.0000,2,2,20000,0
314,AE22,48801000C,瀚亞精選傘型基金之債券精選組合基金A-美元,USD,0,0,304.3600,10.0000,0,0,0,0
315,AE22,48801000D,瀚亞精選傘型基金之債券精選組合基金B-美元,USD,4257703,139890,316.7981,10.4087,0,0,0,0
316,AE22,48801000E,瀚亞精選傘型基金之債券精選組合基金A-人民幣,CNY,0,0,44.8080,10.0000,0,0,0,0
317,AE22,48801000F,瀚亞精選傘型基金之債券精選組合基金B-人民幣,CNY,10144263,2263940,48.4068,10.8032,0,0,0,0
318,AE21,48801016,瀚亞精選傘型基金之趨勢精選組合基金,TWD,359657203,0,14.2500,0.0000,52,50,212000,0
319,AG,48836541A,瀚亞亞太不動產證券化基金A類型,TWD,1920225270,0,11.6400,0.0000,260,179,1638000,0
320,AG,48836541B,瀚亞亞太不動產證券化基金B類型,TWD,200190036,0,10.1000,0.0000,15,12,210000,0
321,AA2,48885958,瀚亞亞太基礎建設基金,TWD,942458013,0,10.6900,0.0000,474,390,2026000,0
322,AA1,81595924,瀚亞中小型股基金,TWD,862587601,0,17.5000,0.0000,582,525,2889000,0
323,AD1,83867345,瀚亞威寶貨幣市場基金,TWD,32250802879,0,13.4965,0.0000,12,8,91000,0
324,AA1,92003102,瀚亞高科技基金,TWD,1134298570,0,52.6300,0.0000,1801,1683,8571000,0
325,AA1,92012572,瀚亞外銷基金,TWD,3563197783,0,33.3600,0.0000,303,281,1308000,0
326,AA1,97990696,瀚亞菁華基金,TWD,824973264,0,18.0400,0.0000,168,165,692000,0
327,AE23,99967806A,瀚亞股債入息組合基金A-新台幣,TWD,1924309620,0,13.8990,0.0000,41,39,179000,0
328,AE23,99967806B,瀚亞股債入息組合基金B-新台幣,TWD,128937307,0,12.5820,0.0000,0,0,0,0
329,AE23,99967806C,瀚亞股債入息組合基金A-美元,USD,0,0,304.3600,10.0000,0,0,0,0
330,AE23,99967806D,瀚亞股債入息組合基金B-美元,USD,36130,1187,325.2025,10.6848,0,0,0,0
331,AE23,99967806E,瀚亞股債入息組合基金A-人民幣,CNY,0,0,44.8080,10.0000,0,0,0,0
332,AE23,99967806F,瀚亞股債入息組合基金B-人民幣,CNY,29034,6480,49.7584,11.1048,0,0,0,0
333,瀚亞投信,瀚亞投信,瀚亞投信,瀚亞投信,84931403351,,,,13389,10899,76390885,
334,AA1,01032183,保德信高成長基金,TWD,3975993560,0,84.3500,0.0000,8205,6527,41409000,0
335,AA2,10307155,保德信全球消費商機基金,TWD,719748160,0,17.4200,0.0000,1716,1385,8196000,0
336,AA1,13528977,保德信台商全方位基金,TWD,628984791,0,32.0000,0.0000,840,666,4070000,0
337,AA2,14692638A,保德信全球醫療生化基金-新臺幣,TWD,9600801584,0,32.2400,0.0000,6637,5335,32535000,0
338,AA2,14692638B,保德信全球醫療生化基金-美元,USD,29611185,972900,299.1900,9.8300,0,0,0,0
339,AA1,17602625,保德信新世紀基金,TWD,879227050,0,9.4300,0.0000,438,368,1815000,0
340,AB1,18044064,保德信金平衡基金,TWD,602933003,0,27.5300,0.0000,451,384,1957000,0
341,AC12,20089122,保德信瑞騰基金,TWD,4202457170,0,15.4717,0.0000,26,26,188000,0
342,AA1,20097447,保德信第一基金,TWD,512699907,0,24.2300,0.0000,375,289,1822000,0
343,AA2,25674811,保德信拉丁美洲基金,TWD,1032967900,0,6.5900,0.0000,1622,1251,7245000,0
344,AA2,26290779A,保德信中國品牌基金-新臺幣,TWD,3536776907,0,9.5100,0.0000,3564,2485,18016000,0
345,AA2,26290779B,保德信中國品牌基金-美元,USD,230103034,7560226,266.6500,8.7600,0,0,0,0
346,AA2,26290779C,保德信中國品牌基金-人民幣,CNY,27891700,6213409,39.5900,8.8200,0,0,0,0
347,AC21,26320990A,保德信亞洲新興市場債券基金-累積型(A),TWD,569634615,0,11.5705,0.0000,129,107,671000,0
348,AC21,26320990B,保德信亞洲新興市場債券基金-月配息型(B),TWD,220556804,0,9.2114,0.0000,9,6,100000,0
349,AE22,31832319A,保德信好時債組合基金-累積型(A),TWD,267900076,0,11.0161,0.0000,101,93,425000,0
350,AE22,31832319B,保德信好時債組合基金-月配息型(B),TWD,65362710,0,9.0462,0.0000,15,13,250000,0
351,AC21,31968075A,保德信新興市場企業債券基金-累積型(A),TWD,448281213,0,11.0196,0.0000,185,151,782000,0
352,AC21,31968075B,保德信新興市場企業債券基金-月配息型(B),TWD,419253316,0,8.8355,0.0000,55,48,785000,0
353,AA2,38551094A,保德信中國中小基金-新臺幣,TWD,2904540212,0,9.6600,0.0000,2901,2023,16671000,0
354,AA2,38551094B,保德信中國中小基金-美元,USD,13557868,445455,308.6900,10.1400,0,0,0,0
355,AA2,38551094C,保德信中國中小基金-人民幣,CNY,5543132,1234838,46.5900,10.3800,0,0,0,0
356,AD2,38648274A,保德信人民幣貨幣市場基金-新臺幣,TWD,363953682,0,9.5113,0.0000,110,94,672000,0
357,AD2,38648274B,保德信人民幣貨幣市場基金-人民幣,CNY,104582243,23297691,48.6444,10.8365,0,0,0,0
358,AB2,42330171A,保德信中國好時平衡基金-新臺幣累積型,TWD,1293734182,0,9.7947,0.0000,83,60,528000,0
359,AB2,42330171B,保德信中國好時平衡基金-新臺幣配息型,TWD,486490357,0,9.3977,0.0000,2,2,20000,0
360,AB2,42330171C,保德信中國好時平衡基金-美元配息型,USD,206071292,6770643,282.8645,9.2937,0,0,0,0
361,AB2,42330171D,保德信中國好時平衡基金-人民幣配息型,CNY,77352314,17231705,41.6963,9.2886,0,0,0,0
362,AE23,42401739A,保德信多元收益組合基金-新臺幣累積型,TWD,481191842,0,9.7285,0.0000,40,37,169000,0
363,AE23,42401739B,保德信多元收益組合基金-新臺幣配息型,TWD,263482786,0,9.4237,0.0000,9,7,100000,0
364,AE23,42401739C,保德信多元收益組合基金-美元累積型,USD,10177490,334390,316.5065,10.3991,0,0,0,0
365,AE23,42401739D,保德信多元收益組合基金-美元月配型,USD,33143646,1088962,306.1849,10.0600,0,0,0,0
366,AE24,42462448A,保德信策略報酬ETF組合基金-新臺幣,TWD,903299447,0,9.7666,0.0000,168,147,818000,0
367,AE24,42462448B,保德信策略報酬ETF組合基金-美元,USD,319243802,10489020,315.3158,10.3600,0,0,0,0
368,AE24,42479905A,保德信策略成長ETF組合基金-新臺幣,TWD,415636892,0,10.0983,0.0000,146,106,671000,0
369,AE24,42479905B,保德信策略成長ETF組合基金-美元,USD,382357846,12562684,304.5130,10.0050,0,0,0,0
370,AE23,48803942,保德信新興趨勢組合基金,TWD,1272765737,0,10.6900,0.0000,1300,1114,5279000,0
371,AE23,48844280,保德信歐洲組合基金,TWD,688721719,0,10.1000,0.0000,780,628,3444000,0
372,AA2,48938250,保德信全球資源基金,TWD,3077445682,0,7.0100,0.0000,3401,2721,15819000,0
373,AA2,48970455,保德信全球基礎建設基金,TWD,630778094,0,11.8400,0.0000,1139,932,5014000,0
374,AA1,73990649,保德信科技島基金,TWD,1580320640,0,23.3300,0.0000,1491,1287,7260000,0
375,AA2,73998065,保德信大中華基金,TWD,2374193011,0,25.7400,0.0000,2847,2246,13189000,0
376,AA1,83866508,保德信中小型股基金,TWD,1092990317,0,41.4900,0.0000,2033,1546,10239000,0
377,AA1,92013967,保德信金滿意基金,TWD,5405589940,0,39.0200,0.0000,4354,3894,19927000,0
378,AA2,92029139,保德信亞太基金,TWD,1205715915,0,20.4700,0.0000,1205,988,5467000,0
379,AD1,97978047,保德信貨幣市場基金,TWD,17269245117,0,15.6902,0.0000,30,25,920000,0
380,AA1,97988636,保德信店頭市場基金,TWD,970523455,0,32.2000,0.0000,1561,1202,7881000,0
381,AA2,98755451,保德信全球中小基金,TWD,994108582,0,26.6000,0.0000,1736,1409,7670000,0
382,保德信投信,保德信投信,保德信投信,保德信投信,72797941927,,,,49704,39602,242024000,
383,AA1,01031699,統一全天候基金,TWD,2001983062,0,86.2500,0.0000,5789,4394,32861000,0
384,AA1,17605622,統一大滿貫基金,TWD,5575511655,0,28.8200,0.0000,16874,12996,83694000,0
385,AA2,18030553,統一亞太基金,TWD,926581060,0,24.8200,0.0000,3316,2590,14262000,0
386,AA2,25637393,統一大龍印基金,TWD,1716592343,0,15.4800,0.0000,6589,5125,30738000,0
387,AA2,26202889,統一大中華中小基金,TWD,1165950856,0,13.2300,0.0000,3665,2721,17550000,0
388,AA2,26318517,統一新亞洲科技能源基金,TWD,1084299782,0,18.7700,0.0000,4132,3114,22212000,0
389,AA2,31841577,統一亞洲大金磚基金,TWD,392396100,0,11.1600,0.0000,1035,823,4834000,0
390,AC21,31980155A,統一新興市場企業債券基金-累積型,TWD,370860596,0,10.6084,0.0000,175,151,833000,0
391,AC21,31980155B,統一新興市場企業債券基金-月配型,TWD,534210897,0,8.8588,0.0000,64,53,930000,0
392,AA2,38592911,統一大龍騰中國基金,TWD,3032936611,0,10.2400,0.0000,4998,3673,26654000,0
393,AC23,42326710A,統一中國高收益債券基金-累積型(新台幣),TWD,570112184,0,10.4717,0.0000,156,121,859000,0
394,AC23,42326710B,統一中國高收益債券基金-月配型(新台幣),TWD,322490319,0,9.5133,0.0000,62,52,732000,0
395,AC23,42326710C,統一中國高收益債券基金-累積型(美元),USD,107579709,3534620,328.5688,10.7954,0,0,0,0
396,AC23,42326710D,統一中國高收益債券基金-月配型(美元),USD,71177193,2338586,298.8693,9.8196,0,0,0,0
397,AC23,42326710E,統一中國高收益債券基金-累積型(人民幣),CNY,25058877,5587489,51.5534,11.4951,0,0,0,0
398,AC23,42326710F,統一中國高收益債券基金-月配型(人民幣),CNY,66841047,14903845,46.5130,10.3712,0,0,0,0
399,AA2,42386152A,統一全球新科技基金(新台幣),TWD,957845637,0,12.7500,0.0000,2749,1979,20015000,0
400,AA2,42386152B,統一全球新科技基金(美元),USD,23727479,779586,410.5816,13.4900,0,0,0,0
401,AA2,42386152C,統一全球新科技基金(人民幣),CNY,23951967,5335522,63.4317,14.1300,0,0,0,0
402,AE22,48783925,統一全球債券組合基金,TWD,452487358,0,12.2593,0.0000,345,281,1756000,0
403,AA2,48863201,統一強漢基金,TWD,3870222937,0,21.3800,0.0000,9316,7129,47110000,0
404,AA1,48934304,統一台灣動力基金,TWD,583774981,0,13.7800,0.0000,1630,1276,7230000,0
405,AA1,73990253,統一奔騰基金,TWD,1124389924,0,47.4300,0.0000,3404,2665,18529000,0
406,AA1,77537493,統一統信基金,TWD,594884869,0,28.1200,0.0000,968,843,4508000,0
407,AA1,81581724,統一經建基金,TWD,640514433,0,37.1000,0.0000,1556,1183,8125000,0
408,AA1,92002244,統一黑馬基金,TWD,1014598115,0,46.8300,0.0000,3101,2495,15288000,0
409,AA1,92012762,統一龍馬基金,TWD,748433932,0,57.8100,0.0000,1820,1490,8706000,0
410,AD1,92017176,統一強棒貨幣市場基金,TWD,38956009635,0,16.5849,0.0000,34,31,460000,0
411,AA1,97977878,統一中小基金,TWD,596075098,0,22.4000,0.0000,2205,1597,11651000,0
412,統一投信,統一投信,統一投信,統一投信,67551498656,,,,73983,56782,379537000,
413,AA1,00974018,富邦基金,TWD,1131982017,0,10.8000,0.0000,321,264,1374000,0
414,AA1,17148301,富邦台灣心基金,TWD,302850488,0,18.0600,0.0000,275,219,1244000,0
415,AA1,20089755,富邦精銳中小基金,TWD,767164529,0,9.8300,0.0000,384,294,1727000,0
416,AC21,26275812A,富邦全球投資等級債券基金-A類型(新台幣),TWD,70515411,0,10.8904,0.0000,26,23,148000,0
417,AC21,26275812B,富邦全球投資等級債券基金-B類型(新台幣),TWD,89566324,0,9.5986,0.0000,0,0,0,0
418,AC21,26275812C,富邦全球投資等級債券基金-A類型(美元),USD,52722302,1732235,10.4974,0.3449,0,0,0,0
419,AC21,26275812D,富邦全球投資等級債券基金-B類型(美元),USD,610209,20049,10.2935,0.3382,0,0,0,0
420,AH2,26334740,富邦上証180基金,TWD,18148706587,0,29.0700,0.0000,0,0,0,0
421,AC23,31826230A,富邦策略高收益債券基金-A類型(新台幣),TWD,337212110,0,12.4062,0.0000,48,43,240000,0
422,AC23,31826230B,富邦策略高收益債券基金-B類型(新台幣),TWD,592833812,0,10.0518,0.0000,0,0,0,0
423,AC23,31826230C,富邦策略高收益債券基金-C類型(新台幣),TWD,45907059,0,9.5673,0.0000,0,0,0,0
424,AC23,31826230D,富邦策略高收益債券基金-A類型(美元),USD,100987864,3318040,12.2474,0.4024,0,0,0,0
425,AC23,31826230E,富邦策略高收益債券基金-C類型(美元),USD,3224488,105943,9.6482,0.3170,0,0,0,0
426,AH1,31840182,富邦台灣釆吉50基金,TWD,1073992431,0,47.6500,0.0000,0,0,0,0
427,AC21,31946404A,富邦中國債券傘型之富邦中國優質債券基金-A類型(人民幣),CNY,193623536,43136520,51.2955,11.4279,32,14,162696,36246
428,AC21,31946404B,富邦中國債券傘型之富邦中國優質債券基金-B類型(人民幣),CNY,169485787,37758979,45.9096,10.2280,14,13,88942,19815
429,AC21,31946404C,富邦中國債券傘型之富邦中國優質債券基金-A類型(美元),USD,186586870,6130466,50.9438,1.6738,3,3,12052,396
430,AC21,31946404D,富邦中國債券傘型之富邦中國優質債券基金-B類型(美元),USD,10075111,331026,46.1653,1.5168,2,2,8000,263
431,AC23,31946426A,富邦中國債券傘型之富邦中國高收益債券基金-A類型(人民幣),CNY,409277735,91181152,57.7784,12.8722,64,35,461129,102733
432,AC23,31946426B,富邦中國債券傘型之富邦中國高收益債券基金-B類型(人民幣),CNY,1684989358,375391226,45.3845,10.1110,311,179,2521042,561652
433,AC23,31946426C,富邦中國債券傘型之富邦中國高收益債券基金-A類型(美元),USD,897290011,29481207,58.2393,1.9135,2,2,8037,264
434,AC23,31946426D,富邦中國債券傘型之富邦中國高收益債券基金-B類型(美元),USD,82580539,2713252,47.0784,1.5468,25,14,144343,4743
435,AD2,38583188A,富邦中國貨幣市場基金-新台幣,TWD,279661367,0,10.0020,0.0000,0,0,0,0
436,AD2,38583188B,富邦中國貨幣市場基金-人民幣,CNY,368595068,82117643,48.9695,10.9097,0,0,0,0
437,AH2,38633011,富邦中國ETF傘型基金之富邦上証180單日正向兩倍基金,TWD,27440288896,0,39.8900,0.0000,0,0,0,0
438,AH2,38633027,富邦中國ETF傘型基金之富邦上証180單日反向一倍基金,TWD,517113465,0,8.1100,0.0000,0,0,0,0
439,AB2,38653992A,富邦中國新平衡入息基金-A類型(新台幣),TWD,708703750,0,9.7566,0.0000,42,35,227000,0
440,AB2,38653992B,富邦中國新平衡入息基金-B類型(新台幣),TWD,394365802,0,8.8609,0.0000,16,14,77000,0
441,AB2,38653992C,富邦中國新平衡入息基金-A類型(人民幣),CNY,140269236,31249954,49.1459,10.9490,28,18,156374,34838
442,AB2,38653992D,富邦中國新平衡入息基金-B類型(人民幣),CNY,281132143,62632170,44.8135,9.9838,36,22,320238,71344
443,AB2,38653992E,富邦中國新平衡入息基金-A類型(美元),USD,227102682,7461647,306.4723,10.0694,8,2,48431,1591
444,AB2,38653992F,富邦中國新平衡入息基金-B類型(美元),USD,147973235,4861783,277.7528,9.1258,4,3,24161,794
445,AH2,42302273,富邦深証100基金,TWD,5392239088,0,10.3800,0.0000,0,0,0,0
446,AH2,42319561,富邦日本ETF傘型基金之富邦日本東証單日正向兩倍基金,TWD,312063793,0,20.2400,0.0000,0,0,0,0
447,AH2,42319582,富邦日本ETF傘型基金之富邦日本東証單日反向一倍基金,TWD,607641588,0,16.5300,0.0000,0,0,0,0
448,AH2,42328908,富邦日本東証基金,TWD,567279437,0,20.6300,0.0000,0,0,0,0
449,AH2,42376963,富邦印度ETF傘型基金之富邦印度NIFTY基金,TWD,252520886,0,21.8900,0.0000,0,0,0,0
450,AH2,42376984,富邦印度ETF傘型基金之富邦印度NIFTY單日反向一倍基金,TWD,164866303,0,16.5400,0.0000,0,0,0,0
451,AH2,42376990,富邦印度ETF傘型基金之富邦印度NIFTY單日正向兩倍基金,TWD,443962052,0,25.5100,0.0000,0,0,0,0
452,AH2,42399305,富邦NASDAQ-100基金,TWD,286299223,0,23.8000,0.0000,0,0,0,0
453,AH2,42404567,富邦香港H股ETF傘型基金之富邦香港H股單日反向一倍基金,TWD,147943919,0,16.2100,0.0000,0,0,0,0
454,AH2,42404573,富邦香港H股ETF傘型基金之富邦香港H股單日正向兩倍基金,TWD,991917155,0,25.4600,0.0000,0,0,0,0
455,AH2,42441704,富邦NASDAQ-100 ETF傘型基金之富邦NASDAQ-100單日反向一倍基金,TWD,350165903,0,18.5400,0.0000,0,0,0,0
456,AH2,42441710,富邦NASDAQ-100 ETF傘型基金之富邦NASDAQ-100單日正向兩倍基金,TWD,249276751,0,22.3700,0.0000,0,0,0,0
457,AH1,42450837,富邦臺灣加權ETF傘型基金之富邦臺灣加權單日正向兩倍基金,TWD,246202218,0,12.7700,0.0000,0,0,0,0
458,AH1,42450843,富邦臺灣加權ETF傘型基金之富邦臺灣加權單日反向一倍基金,TWD,1785690970,0,8.6700,0.0000,0,0,0,0
459,AJ2,42479095A,富邦歐亞絲路多重資產型基金-A類型(新台幣),TWD,772681689,0,10.1141,0.0000,26,22,126000,0
460,AJ2,42479095B,富邦歐亞絲路多重資產型基金-B類型(新台幣),TWD,365796092,0,10.1141,0.0000,15,8,64000,0
461,AJ2,42479095C,富邦歐亞絲路多重資產型基金-A類型(人民幣),CNY,331726248,73903804,44.6259,9.9420,7,6,37521,8359
462,AJ2,42479095D,富邦歐亞絲路多重資產型基金-B類型(人民幣),CNY,307624961,68534386,44.6259,9.9420,2,1,7599,1693
463,AJ2,42479095E,富邦歐亞絲路多重資產型基金-A類型(美元),USD,1914172369,62891719,306.9318,10.0845,26,14,192582,6327
464,AJ2,42479095F,富邦歐亞絲路多重資產型基金-B類型(美元),USD,1191207991,39138126,306.9318,10.0845,12,8,74179,2437
465,AH1,42482423,富邦臺灣公司治理100基金,TWD,2878586149,0,20.9700,0.0000,0,0,0,0
466,AH2,42519239,富邦美國政府債券ETF傘型基金之富邦美國政府債券1-3年期基金,TWD,184701826,0,40.3632,0.0000,0,0,0,0
467,AH2,42519245,富邦美國政府債券ETF傘型基金之富邦美國政府債券7-10年期基金,TWD,207573122,0,40.0257,0.0000,0,0,0,0
468,AH2,42519250,富邦美國政府債券ETF傘型基金之富邦美國政府債券20年期以上基金,TWD,188797805,0,40.3328,0.0000,0,0,0,0
469,AH1,48790067,富邦台灣科技指數基金,TWD,319861913,0,49.2100,0.0000,0,0,0,0
470,AA2,48908684,富邦大中華成長基金,TWD,940084063,0,6.0200,0.0000,348,280,1654000,0
471,AH1,48975156,富邦台灣ETF傘型基金之富邦台灣摩根指數股票型基金,TWD,242323172,0,48.2000,0.0000,0,0,0,0
472,AH1,48975162,富邦台灣ETF傘型基金之富邦台灣金融指數股票型基金,TWD,222917433,0,37.3200,0.0000,0,0,0,0
473,AH1,48977083,富邦台灣ETF傘型基金之富邦台灣發達指數股票型基金,TWD,217949799,0,46.4100,0.0000,0,0,0,0
474,AA1,81585475,富邦高成長基金,TWD,924434921,0,20.1100,0.0000,1257,987,5880000,0
475,AA1,83864683,富邦科技基金,TWD,415210903,0,20.4100,0.0000,283,238,1167000,0
476,AA1,92002384,富邦精準基金,TWD,1284269081,0,39.3100,0.0000,1378,1201,6126000,0
477,AA1,92010477,富邦長紅基金,TWD,870444001,0,54.6500,0.0000,1354,1152,6460000,0
478,AD1,97980579,富邦吉祥貨幣市場基金,TWD,41084159998,0,15.5694,0.0000,0,0,0,0
479,AG,99991502A,富邦全球不動產基金-(新台幣),TWD,156837347,0,8.8000,0.0000,70,63,311000,0
480,AG,99991502B,富邦全球不動產基金-(美元),USD,29247164,960940,8.6134,0.2830,0,0,0,0
481,富邦投信,富邦投信,富邦投信,富邦投信,123706067555,,,,6419,5179,31092326,
482,AA1,00974039,摩根台灣基金,TWD,493495807,0,11.1000,0.0000,485,466,1983000,0
483,AA1,01032162,摩根台灣增長基金,TWD,1362563461,0,49.3700,0.0000,2186,1949,10997000,0
484,AA2,10313109,摩根東方內需機會基金,TWD,1487023425,0,15.8000,0.0000,3016,2607,14143000,0
485,AA2,10348445,摩根金龍收成基金,TWD,791897974,0,19.3900,0.0000,1436,1249,6493000,0
486,AB1,18036846,摩根平衡基金,TWD,1987476872,0,27.0000,0.0000,1658,1566,9626000,0
487,AA2,20096209,摩根東方科技基金,TWD,3931419230,0,32.6400,0.0000,2785,2576,13677000,0
488,AB2,21704027A,摩根亞太高息平衡基金-累積型,TWD,1685532336,0,13.4317,0.0000,642,587,2933000,0
489,AB2,21704027B,摩根亞太高息平衡基金-季配息型,TWD,289143832,0,11.0447,0.0000,0,0,0,0
490,AA2,25627402,摩根中國亮點基金,TWD,3116793826,0,11.5000,0.0000,3700,3060,18774000,0
491,AA1,25636367,摩根台灣金磚基金,TWD,1901842264,0,19.9100,0.0000,4577,3845,22386000,0
492,AA2,25684986,摩根新金磚五國基金,TWD,1439761183,0,10.3000,0.0000,2928,2623,12932000,0
493,AE22,26279269A,摩根總收益組合基金-累積型,TWD,1265729912,0,11.2178,0.0000,357,345,1551000,0
494,AE22,26279269B,摩根總收益組合基金-月配息型,TWD,87278475,0,9.5724,0.0000,0,0,0,0
495,AC21,26297196A,摩根新興活利債券基金-累積型,TWD,1246691570,0,10.9795,0.0000,161,149,828000,0
496,AC21,26297196B,摩根新興活利債券基金-月配息型,TWD,455934870,0,8.2333,0.0000,0,0,0,0
497,AC23,26376229A,摩根亞洲總合高收益債券基金-累積型,TWD,1681873640,0,12.6129,0.0000,415,366,2337000,0
498,AC23,26376229B,摩根亞洲總合高收益債券基金-月配息型,TWD,6428342910,0,9.2500,0.0000,127,108,2291000,0
499,AC23,26376229C,摩根亞洲總合高收益債券基金-月配息型(美元),USD,120382291,3955389,286.6642,9.4189,0,0,0,0
500,AC23,26376229D,摩根亞洲總合高收益債券基金-月配息型(人民幣),CNY,98981072,22051431,47.1738,10.5096,0,0,0,0
501,AA2,29245757,摩根全球α基金,TWD,2945302106,0,17.0100,0.0000,2937,2623,13949000,0
502,AC21,31892738A,摩根新興龍虎企業債券基金-累積型,TWD,451903272,0,10.8486,0.0000,94,90,456000,0
503,AC21,31892738B,摩根新興龍虎企業債券基金-月配息型,TWD,419737868,0,8.9254,0.0000,0,0,0,0
504,AA2,31944996A,摩根中國A股基金,TWD,7253170617,0,12.9300,0.0000,3817,2977,22786000,0
505,AA2,31944996B,摩根中國A股基金(美元),USD,769027948,25267874,313.1762,10.2900,0,0,0,0
506,AA2,38532914A,摩根泛亞太股票入息基金-累積型,TWD,737903161,0,11.1200,0.0000,246,205,1254000,0
507,AA2,38532914B,摩根泛亞太股票入息基金-月配息型,TWD,793246042,0,9.9500,0.0000,53,47,874000,0
508,AA2,38532914C,摩根泛亞太股票入息基金-月配息型(美元),USD,252829881,8307206,298.8717,9.8200,0,0,0,0
509,AA2,38532914D,摩根泛亞太股票入息基金-月配息型(人民幣),CNY,160897432,35845425,46.3228,10.3200,0,0,0,0
510,AE23,38612682A,摩根多元入息成長基金-累積型,TWD,4569181234,0,11.1727,0.0000,748,659,3796000,0
511,AE23,38612682B,摩根多元入息成長基金-月配息型,TWD,4752854230,0,10.0563,0.0000,230,218,2877000,0
512,AE23,38612682C,摩根多元入息成長基金-月配息型(美元),USD,671926476,22077421,312.3118,10.2616,0,0,0,0
513,AE23,38612682D,摩根多元入息成長基金-月配息型(人民幣),CNY,2389651312,532376837,48.6982,10.8492,0,0,0,0
514,AB2,42299565A,摩根新興雙利平衡基金-累積型,TWD,1162261409,0,9.6786,0.0000,120,109,593000,0
515,AB2,42299565B,摩根新興雙利平衡基金-月配息型,TWD,714999391,0,8.8494,0.0000,47,41,526000,0
516,AB2,42299565C,摩根新興雙利平衡基金-月配息型(美元),USD,265911953,8737042,277.3907,9.1142,0,0,0,0
517,AB2,42299565D,摩根新興雙利平衡基金-月配息型(人民幣),CNY,177117659,39459037,43.2530,9.6361,0,0,0,0
518,AB2,42319892A,摩根中國雙息平衡基金-累積型,TWD,1500493530,0,11.8419,0.0000,176,145,917000,0
519,AB2,42319892B,摩根中國雙息平衡基金-月配息型,TWD,1006629131,0,11.0638,0.0000,55,46,774000,0
520,AB2,42319892C,摩根中國雙息平衡基金-累積型(人民幣),CNY,136282487,30361601,59.9036,13.3456,0,0,0,0
521,AB2,42319892D,摩根中國雙息平衡基金-月配息型(人民幣),CNY,316632948,70540855,54.9567,12.2435,0,0,0,0
522,AA2,42381001A,摩根環球股票收益基金-累積型,TWD,377095878,0,10.4200,0.0000,170,145,734000,0
523,AA2,42381001B,摩根環球股票收益基金-月配息型,TWD,722739596,0,9.9800,0.0000,52,45,599000,0
524,AA2,42381001C,摩根環球股票收益基金-月配息型(美元),USD,175034325,5751085,323.8284,10.6400,0,0,0,0
525,AA2,42381001D,摩根環球股票收益基金-月配息型(人民幣),CNY,119894381,26710588,48.4324,10.7900,0,0,0,0
526,AA2,48727760,摩根絕對日本基金,TWD,991109250,0,11.8900,0.0000,1225,1046,5754000,0
527,AA2,48768614,摩根新興35基金,TWD,6195093179,0,12.5400,0.0000,5265,4832,23101000,0
528,AA2,48860963,摩根全球發現基金,TWD,715756936,0,11.6700,0.0000,572,530,2496000,0
529,AA2,48974190,摩根新絲路基金,TWD,1426797584,0,9.6100,0.0000,1368,1238,6395000,0
530,AA2,73980092,摩根大歐洲基金,TWD,3919417384,0,17.3900,0.0000,4126,3763,19050000,0
531,AA1,73989501,摩根中小基金,TWD,1363662318,0,24.4400,0.0000,1946,1731,9592000,0
532,AA2,92005896,摩根新興日本基金,TWD,973642084,0,22.0800,0.0000,800,745,3592000,0
533,AA1,92012025,摩根新興科技基金,TWD,4433295913,0,55.4600,0.0000,5538,5136,27685000,0
534,AA2,92023780,摩根亞洲基金,TWD,5050177655,0,49.7500,0.0000,7693,6866,38106000,0
535,AD1,97991668,摩根第一貨幣市場基金,TWD,5363800762,0,15.0279,0.0000,160,149,1816000,0
536,AA2,97999612,摩根龍揚基金,TWD,6649882530,0,28.9700,0.0000,7774,7225,37249000,0
537,AB2,99181637,摩根全球平衡基金,TWD,1319203387,0,14.8001,0.0000,1252,1199,5634000,0
538,摩根投信,摩根投信,摩根投信,摩根投信,101116728199,,,,70937,63306,351556000,
539,AA1,00973762,華南永昌永昌基金,TWD,333729960,0,15.6700,0.0000,1609,0,5702000,0
540,AD1,13989817,華南永昌麒麟貨幣市場基金,TWD,15419884720,0,11.8849,0.0000,0,0,0,0
541,AB1,18477625,華南永昌龍盈平衡基金,TWD,188358523,0,21.0926,0.0000,1000,0,3537000,0
542,AE22,21703907,華南永昌全球亨利組合基金,TWD,143496152,0,14.4713,0.0000,768,0,2370000,0
543,AC23,31972492A,華南永昌人民幣高收益債券基金(累積新台幣),TWD,107193441,0,10.1283,0.0000,317,0,971000,0
544,AC23,31972492B,華南永昌人民幣高收益債券基金(月配新台幣),TWD,307811368,0,8.3114,0.0000,11,0,120000,0
545,AC23,31972492C,華南永昌人民幣高收益債券基金(累積人民幣),CNY,110250642,24583727,49.3344,11.0006,0,0,0,0
546,AC23,31972492D,華南永昌人民幣高收益債券基金(月配人民幣),CNY,141965616,31655544,40.5892,9.0506,0,0,0,0
547,AA2,38546656A,華南永昌中國A股基金(新台幣),TWD,1690921176,0,10.6900,0.0000,1261,0,5350000,0
548,AA2,38546656B,華南永昌中國A股基金(人民幣),CNY,15296297,3410850,34.1511,7.6200,0,0,0,0
549,AA2,38546656C,華南永昌中國A股基金(美元),USD,13186732,433261,225.6368,7.4100,0,0,0,0
550,AB2,38618790A,華南永昌多重資產入息平衡基金(累積新台幣),TWD,191508573,0,11.4000,0.0000,409,0,1347000,0
551,AB2,38618790B,華南永昌多重資產入息平衡基金(月配新台幣),TWD,41994498,0,10.1800,0.0000,7,0,100000,0
552,AB2,38618790C,華南永昌多重資產入息平衡基金(累積美元),USD,21434054,704326,352.9600,11.6000,0,0,0,0
553,AB2,38618790D,華南永昌多重資產入息平衡基金(月配美元),USD,6348327,208607,314.3900,10.3300,0,0,0,0
554,AA1,42298518,華南永昌物聯網精選基金,TWD,475746931,0,11.1200,0.0000,1120,0,4591000,0
555,AI2,42333698A,華南永昌MSCI全球特選物聯網指數基金(新台幣),TWD,213526265,0,11.6100,0.0000,305,0,1108000,0
556,AI2,42333698B,華南永昌MSCI全球特選物聯網指數基金(美元),USD,11156327,366550,382.6800,12.5700,0,0,0,0
557,AB2,42388911A,華南永昌亞太動態平衡基金(累積),TWD,96285929,0,10.3500,0.0000,93,0,282000,0
558,AB2,42388911B,華南永昌亞太動態平衡基金(月配息),TWD,31695086,0,9.9700,0.0000,0,0,0,0
559,AA2,42408753,華南永昌策略報酬基金,TWD,616576111,0,10.0700,0.0000,172,0,516000,0
560,AC21,42519293A,華南永昌四年到期新興市場美元債券基金(累積新台幣),TWD,167411649,0,9.5939,0.0000,0,0,0,0
561,AC21,42519293B,華南永昌四年到期新興市場美元債券基金(季配新台幣),TWD,81980829,0,9.5939,0.0000,0,0,0,0
562,AC21,42519293C,華南永昌四年到期新興市場美元債券基金(累積美元),USD,139481973,4582796,290.0200,9.5289,0,0,0,0
563,AC21,42519293D,華南永昌四年到期新興市場美元債券基金(季配美元),USD,136026325,4469258,290.0200,9.5289,0,0,0,0
564,AA2,48824897,華南永昌全球精品基金,TWD,370605310,0,13.1500,0.0000,880,0,3426000,0
565,AA2,48963047,華南永昌全球神農水資源基金,TWD,633782777,0,9.7600,0.0000,723,0,2386000,0
566,AD1,97971760,華南永昌鳳翔貨幣市場基金,TWD,13258822910,0,16.1357,0.0000,0,0,0,0
567,華南永昌投信,華南永昌投信,華南永昌投信,華南永昌投信,34966478501,,,,8675,0,31806000,
568,AA1,00974241,新光台灣富貴基金,TWD,395099910,0,22.1800,0.0000,361,333,1858401,0
569,AA1,13986924,新光大三通基金,TWD,615128691,0,19.3000,0.0000,465,440,2095000,0
570,AA2,15743509A,新光亞洲精選基金-新台幣,TWD,479409916,0,21.6900,0.0000,545,485,2443100,0
571,AA2,15743509B,新光亞洲精選基金-美金,USD,0,0,662.0500,21.7600,0,0,0,0
572,AA2,25515841A,新光中國成長基金(新臺幣),TWD,700147341,0,10.3900,0.0000,667,557,2985300,0
573,AA2,25515841B,新光中國成長基金(美元),USD,2709486,89055,320.5300,10.5300,0,0,0,0
574,AA2,25515841C,新光中國成長基金(人民幣),CNY,559482,124713,46.6000,10.3900,0,0,0,0
575,AA2,25683760,新光兩岸優勢基金,TWD,208941910,0,12.1000,0.0000,247,203,1162000,0
576,AF,31936927,新光澳幣保本基金,AUD,1585328053,67890681,268.4200,11.4900,0,0,0,0
577,AE24,38489297A,新光全球ETF組合基金(A累積)新臺幣,TWD,171084349,0,9.7000,0.0000,63,37,224200,0
578,AE24,38489297B,新光全球ETF組合基金(B配息)新臺幣,TWD,35086127,0,8.9500,0.0000,0,0,0,0
579,AF,38530486,新光澳幣十年期保本基金,AUD,1032648934,44222544,244.9400,10.4900,0,0,0,0
580,AF,38591912,新光澳幣八年期保本基金,AUD,138315180,5923261,233.4000,10.0000,0,0,0,0
581,AA2,38600433A,新光全球生技醫療基金(新臺幣),TWD,625889240,0,11.2400,0.0000,1109,899,4164100,0
582,AA2,38600433B,新光全球生技醫療基金(美元),USD,26943468,885570,355.5100,11.6800,0,0,0,0
583,AF,38654839,新光南非幣保本基金,ZAR,1595710714,685880260,25.4100,10.9200,0,0,0,0
584,AB2,42384458A,新光美國豐收平衡基金(A累積)新臺幣,TWD,303829789,0,9.8600,0.0000,99,94,301000,0
585,AB2,42384458B,新光美國豐收平衡基金(B配息)新臺幣,TWD,67669671,0,9.5100,0.0000,1,1,30000,0
586,AB2,42384458C,新光美國豐收平衡基金(A累積)美元,USD,129315017,4250288,321.2700,10.5600,0,0,0,0
587,AB2,42384458D,新光美國豐收平衡基金(B配息)美元,USD,19928008,654988,310.0100,10.1900,0,0,0,0
588,AC21,42443463A,新光全球債券基金(A累積)新臺幣,TWD,400978458,0,9.8026,0.0000,30,22,90000,0
589,AC21,42443463B,新光全球債券基金(B配息)新臺幣,TWD,132325285,0,9.7086,0.0000,0,0,0,0
590,AC21,42443463C,新光全球債券基金(A累積)美元,USD,112874757,3709934,309.1643,10.1615,0,0,0,0
591,AC21,42443463D,新光全球債券基金(B配息)美元,USD,113493533,3730272,306.3336,10.0685,0,0,0,0
592,AC21,42467422A,新光新興大東協債券基金(A累積)新臺幣,TWD,660253640,0,10.0017,0.0000,5,3,17000,0
593,AC21,42467422B,新光新興大東協債券基金(B配息)新臺幣,TWD,195440691,0,9.9657,0.0000,1,1,10000,0
594,AC21,42467422C,新光新興大東協債券基金(A累積)美元,USD,151949344,4994227,306.9561,10.0889,0,0,0,0
595,AC21,42467422D,新光新興大東協債券基金(B配息)美元,USD,56653233,1862062,305.8716,10.0533,0,0,0,0
596,AC21,42467422E,新光新興大東協債券基金(A累積)人民幣,CNY,25653319,5718350,44.7077,9.9657,0,0,0,0
597,AC21,42467422F,新光新興大東協債券基金(B配息)人民幣,CNY,22860854,5095885,44.5244,9.9249,0,0,0,0
598,AA1,73998071,新光店頭基金,TWD,367791502,0,22.6400,0.0000,353,322,1758600,0
599,AA1,81580149,新光國家建設基金,TWD,318674444,0,25.5200,0.0000,242,221,1107300,0
600,AA1,81585242,新光創新科技基金,TWD,732130928,0,14.9900,0.0000,794,719,3495300,0
601,AD1,97988122,新光吉星貨幣市場基金,TWD,16125411308,0,15.3775,0.0000,16,15,159000,0
602,AB1,99975518,新光福運平衡基金,TWD,130399217,0,16.4832,0.0000,30,26,108500,0
603,新光投信,新光投信,新光投信,新光投信,27680635799,,,,5028,4378,22008801,
604,AC23,26289695A,瑞銀亞洲高收益債券基金A類型,TWD,180945722,0,13.9451,0.0000,0,0,0,0
605,AC23,26289695B,瑞銀亞洲高收益債券基金B類型,TWD,3038556319,0,9.2034,0.0000,0,0,0,0
606,AG,48841045,瑞銀亞洲全方位不動產基金,TWD,584685565,0,8.5400,0.0000,0,0,0,0
607,AA2,48955264,瑞銀全球創新趨勢基金,TWD,385248937,0,6.5100,0.0000,0,0,0,0
608,瑞銀投信,瑞銀投信,瑞銀投信,瑞銀投信,4189436543,,,,0,0,0,
609,AB1,17147605,群益真善美基金,TWD,1167881289,0,16.6205,0.0000,286,269,1313000,0
610,AB1,18037845,群益平衡王基金,TWD,539815668,0,19.4737,0.0000,117,113,474000,0
611,AA1,19339782,群益創新科技基金,TWD,3037385884,0,26.7500,0.0000,4470,3700,19849000,0
612,AA1,20081352,群益店頭市場基金,TWD,2386705863,0,76.2700,0.0000,7579,5175,37752000,0
613,AE23,21723538,群益多重資產組合基金,TWD,2364990962,0,14.4300,0.0000,473,358,2292930,0
614,AA2,25602535,群益東方盛世基金,TWD,509992708,0,8.2900,0.0000,745,578,3100000,0
615,AA2,25629892A,群益華夏盛世基金-新臺幣,TWD,4023206896,0,14.1800,0.0000,4897,3360,24233000,0
616,AA2,25629892B,群益華夏盛世基金-美元,USD,30452452,1000541,265.2010,8.7134,0,0,0,0
617,AA2,25629892C,群益華夏盛世基金-人民幣,CNY,87350889,19455634,41.3690,9.2141,0,0,0,0
618,AA2,25675430,群益印巴雙星基金,TWD,1078711534,0,10.6100,0.0000,2790,2115,12167000,0
619,AA2,25691699,群益亞太中小基金,TWD,491040767,0,11.5500,0.0000,1264,974,5311000,0
620,AE22,26265027,群益多利策略組合基金,TWD,1017944214,0,11.5900,0.0000,171,151,619000,0
621,AA2,26285038A,群益東協成長基金-新臺幣,TWD,1531609063,0,10.7200,0.0000,3354,2465,14433000,0
622,AA2,26285038B,群益東協成長基金-人民幣,CNY,12175160,2711769,55.3451,12.3270,0,0,0,0
623,AA2,26285038C,群益東協成長基金-美元,USD,23261104,764263,334.2177,10.9810,0,0,0,0
624,AA2,26300586A,群益印度中小基金-新臺幣,TWD,2409205902,0,14.3000,0.0000,4951,3069,28586000,0
625,AA2,26300586B,群益印度中小基金-美元,USD,29985018,985183,381.4057,12.5314,0,0,0,0
626,AA2,26300586C,群益印度中小基金-人民幣,CNY,23111369,5147587,62.5094,13.9227,0,0,0,0
627,AA2,26385629A,群益大中華雙力優勢基金-新臺幣,TWD,296483258,0,8.3800,0.0000,525,334,3086000,0
628,AA2,26385629B,群益大中華雙力優勢基金-美元,USD,11096855,364596,249.8948,8.2105,0,0,0,0
629,AA2,26385629C,群益大中華雙力優勢基金-人民幣,CNY,1860795,414454,48.5952,10.8236,0,0,0,0
630,AB1,29243337,群益安家基金,TWD,181428390,0,21.1698,0.0000,230,179,1092000,0
631,AC21,31816633A,群益亞洲新興市場投資級債券基金 - A(累積型),TWD,432091856,0,9.8577,0.0000,139,121,515000,0
632,AC21,31816633B,群益亞洲新興市場投資級債券基金 - B(月配型),TWD,83543073,0,7.9428,0.0000,36,30,400000,0
633,AC21,31892569A,群益全球新興收益債券基金-A(累積型),TWD,444039998,0,10.2238,0.0000,159,143,605000,0
634,AC21,31892569B,群益全球新興收益債券基金-B(月配型),TWD,238049948,0,7.8606,0.0000,41,36,515000,0
635,AA2,38486685A,群益美國新創亮點基金-新臺幣,TWD,321837441,0,11.2500,0.0000,694,518,2956000,0
636,AA2,38486685B,群益美國新創亮點基金-美元,USD,13920754,457378,359.5313,11.8127,0,0,0,0
637,AA2,38486708A,群益全球關鍵生技基金-新臺幣,TWD,1685248975,0,13.3600,0.0000,2732,1921,12628000,0
638,AA2,38486708B,群益全球關鍵生技基金-美元,USD,132876698,4365774,417.7067,13.7241,0,0,0,0
639,AA2,38524463A,群益中國新機會基金-新臺幣,TWD,6640857355,0,8.1100,0.0000,4035,2330,23285000,0
640,AA2,38524463B,群益中國新機會基金-美元,USD,1663935835,54669991,262.2548,8.6166,0,0,0,0
641,AA2,38524463C,群益中國新機會基金-人民幣,CNY,86000494,19154861,34.4328,7.6692,0,0,0,0
642,AA2,38531773A,群益工業國入息基金A(累積型-新台幣),TWD,515941683,0,10.6700,0.0000,155,104,574000,0
643,AA2,38531773B,群益工業國入息基金B(月配型-新台幣),TWD,43147995,0,9.4500,0.0000,27,18,285000,0
644,AA2,38531773C,群益工業國入息基金A(累積型-美元),USD,11664162,383236,350.2575,11.5080,0,0,0,0
645,AA2,38531773D,群益工業國入息基金B(月配型-美元),USD,10626991,349159,309.5737,10.1713,0,0,0,0
646,AA2,38531773E,群益工業國入息基金B(月配型-人民幣),CNY,209674,46701,50.9101,11.3392,0,0,0,0
647,AA2,38531773F,群益工業國入息基金A(累積型-人民幣),CNY,15734424,3504523,52.7922,11.7584,0,0,0,0
648,AD2,38621438A,群益人民幣貨幣市場基金-新臺幣,TWD,505516255,0,9.6438,0.0000,0,0,0,0
649,AD2,38621438B,群益人民幣貨幣市場基金-人民幣,CNY,90687795,20198862,48.4956,10.8014,0,0,0,0
650,AC23,38621459A,群益中國高收益債券基金-新臺幣,TWD,1028398270,0,10.0547,0.0000,21,19,230000,0
651,AC23,38621459B,群益中國高收益債券基金-美元,USD,145304302,4774093,317.9679,10.4471,0,0,0,0
652,AC23,38621459C,群益中國高收益債券基金-人民幣,CNY,76357584,17007099,49.9754,11.1310,0,0,0,0
653,AE23,38648529A,群益環球金綻雙喜A(累積型-新台幣),TWD,716711589,0,9.7900,0.0000,115,88,450000,0
654,AE23,38648529B,群益環球金綻雙喜B(月配型-新台幣),TWD,268853014,0,8.4800,0.0000,50,34,545000,0
655,AE23,38648529C,群益環球金綻雙喜A(累積型-美元),USD,46809086,1537951,322.5333,10.5971,0,0,0,0
656,AE23,38648529D,群益環球金綻雙喜B(月配型-美元),USD,41418202,1360829,279.2229,9.1741,0,0,0,0
657,AE23,38648529E,群益環球金綻雙喜A(累積型-澳幣),AUD,9685557,414618,244.8289,10.4806,0,0,0,0
658,AE23,38648529F,群益環球金綻雙喜B(月配型-澳幣),AUD,13711381,586955,207.0601,8.8638,0,0,0,0
659,AE23,38648529G,群益環球金綻雙喜A(累積型-南非幣),ZAR,16453213,7066459,24.1357,10.3660,0,0,0,0
660,AE23,38648529H,群益環球金綻雙喜B(月配型-南非幣),ZAR,15873441,6817454,19.5321,8.3888,0,0,0,0
661,AB2,42301416A,群益中國金采平衡基金A(累積型－新台幣),TWD,1450189931,0,8.7283,0.0000,316,229,1300000,0
662,AB2,42301416B,群益中國金采平衡基金B(月配型－新台幣),TWD,404490919,0,8.0582,0.0000,22,15,220000,0
663,AB2,42301416C,群益中國金采平衡基金A(累積型－美元),USD,179956903,5912633,287.0054,9.4298,0,0,0,0
664,AB2,42301416D,群益中國金采平衡基金B(月配型－美元),USD,107578361,3534576,264.9454,8.7050,0,0,0,0
665,AB2,42301416E,群益中國金采平衡基金A(累積型－人民幣),CNY,59206569,13187059,44.9361,10.0086,0,0,0,0
666,AB2,42301416F,群益中國金采平衡基金B(月配型－人民幣),CNY,42244625,9409131,41.4817,9.2392,0,0,0,0
667,AH2,42323777,群益深証中小板基金,TWD,4737282335,0,14.4300,0.0000,0,0,0,0
668,AA2,42369604A,群益大印度基金-新臺幣,TWD,569711936,0,11.7900,0.0000,1362,863,9071000,0
669,AA2,42369604B,群益大印度基金-美元,USD,24195567,794965,383.3810,12.5963,0,0,0,0
670,AA2,42369604C,群益大印度基金-人民幣,CNY,9385415,2090410,59.2534,13.1975,0,0,0,0
671,AG,42385061A,群益全球地產入息基金A(累積型-新台幣),TWD,1184117120,0,9.5200,0.0000,112,80,474000,0
672,AG,42385061B,群益全球地產入息基金B(月配型-新台幣),TWD,486852022,0,9.0500,0.0000,14,12,140000,0
673,AG,42385061C,群益全球地產入息基金A(累積型-美元),USD,62561206,2055500,309.6133,10.1726,0,0,0,0
674,AG,42385061D,群益全球地產入息基金B(月配型-美元),USD,68836052,2261666,294.4013,9.6728,0,0,0,0
675,AG,42385061E,群益全球地產入息基金A(累積型-人民幣),CNY,14313498,3188041,47.1486,10.5014,0,0,0,0
676,AG,42385061F,群益全球地產入息基金B(月配型-人民幣),CNY,15405206,3431196,44.8310,9.9852,0,0,0,0
677,AB2,42440058A,群益金選報酬平衡基金A(累積型-新台幣),TWD,954929092,0,9.8108,0.0000,173,133,764000,0
678,AB2,42440058B,群益金選報酬平衡基金B(月配型-新台幣),TWD,395188582,0,9.3255,0.0000,46,32,560000,0
679,AB2,42440058C,群益金選報酬平衡基金A(累積型-美元),USD,71367984,2344854,311.2903,10.2277,0,0,0,0
680,AB2,42440058D,群益金選報酬平衡基金B(月配型-美元),USD,105744745,3474331,295.9505,9.7237,0,0,0,0
681,AB2,42440058E,群益金選報酬平衡基金A(累積型-人民幣),CNY,16532654,3682312,47.5554,10.5920,0,0,0,0
682,AB2,42440058F,群益金選報酬平衡基金B(月配型-人民幣),CNY,29156543,6494027,45.1920,10.0656,0,0,0,0
683,AH2,42465424,群益那斯達克生技基金,TWD,685187272,0,21.1200,0.0000,0,0,0,0
684,AH1,42481260,群益臺灣加權單日反向1倍基金,TWD,308760066,0,9.4200,0.0000,0,0,0,0
685,AH1,42481276,群益臺灣加權單日正向2倍基金,TWD,152869013,0,11.2100,0.0000,0,0,0,0
686,AA2,42519414A,群益全球特別股收益基金A(累積型-新台幣),TWD,2275172927,0,9.9800,0.0000,37,37,271000,0
687,AA2,42519414B,群益全球特別股收益基金B(月配型-新台幣),TWD,806579325,0,9.9800,0.0000,12,12,175000,0
688,AA2,42519414C,群益全球特別股收益基金A(累積型-美元),USD,1091771506,35871057,304.0648,9.9903,0,0,0,0
689,AA2,42519414D,群益全球特別股收益基金B(月配型-美元),USD,1416263504,46532511,304.0648,9.9903,0,0,0,0
690,AA2,42519414E,群益全球特別股收益基金A(累積型-人民幣),CNY,348626060,77649365,44.8557,9.9907,0,0,0,0
691,AA2,42519414F,群益全球特別股收益基金B(月配型-人民幣),CNY,237428094,52882279,44.8557,9.9907,0,0,0,0
692,AA1,48675778,群益奧斯卡基金,TWD,386331238,0,23.3500,0.0000,960,731,4096000,0
693,AE22,48720160,群益多重收益組合基金,TWD,1097111419,0,13.6500,0.0000,109,94,478000,0
694,AA1,48749899,群益葛萊美基金,TWD,1179250446,0,20.1900,0.0000,2609,1905,12541000,0
695,AB2,48787295,群益亞太新趨勢平衡基金,TWD,724791688,0,16.2500,0.0000,679,583,2688000,0
696,AA2,48852561A,群益新興金鑽基金-新臺幣,TWD,1687767425,0,8.3900,0.0000,1593,1309,7557000,0
697,AA2,48852561B,群益新興金鑽基金-美元,USD,16943,557,338.8501,11.1332,0,0,0,0
698,AG,48898594A,群益全球不動產平衡基金-A(累積型),TWD,418073916,0,8.1200,0.0000,145,116,599000,0
699,AG,48898594B,群益全球不動產平衡基金-B(季配型),TWD,105635544,0,6.0100,0.0000,23,19,235000,0
700,AA1,81591434,群益長安基金,TWD,398984951,0,22.0600,0.0000,405,330,1880000,0
701,AA1,92028997,群益中小型股基金,TWD,1825596229,0,36.1100,0.0000,2920,2243,13887000,0
702,AD1,97978525,群益安穩貨幣市場基金,TWD,59020859326,0,16.0082,0.0000,6,3,449682,0
703,AA1,97984293,群益馬拉松基金,TWD,7246097567,0,103.7200,0.0000,8996,7073,43750000,0
704,群益投信,群益投信,群益投信,群益投信,128973624809,,,,60595,44021,298431612,
705,AD1,14290085,德信萬保貨幣市場基金,TWD,2730877460,0,11.8799,0.0000,0,0,0,0
706,AA1,18033138,德信數位時代基金,TWD,422897366,0,27.8500,0.0000,227,187,1300000,0
707,AA2,25689835,德信中國精選成長基金,TWD,277069801,0,10.8000,0.0000,47,32,384000,0
708,AA1,26288534,德信台灣主流中小基金,TWD,158841828,0,16.9400,0.0000,73,54,449000,0
709,AE21,31896050,德信新興股票組合基金,TWD,113176848,0,10.5600,0.0000,6,3,44000,0
710,AA1,97972846,德信大發基金,TWD,606801343,0,29.0100,0.0000,86,69,579000,0
711,AC21,99636428,德信萬瑞基金,TWD,112817925,0,10.9391,0.0000,0,0,0,0
712,德信投信,德信投信,德信投信,德信投信,4422482571,,,,439,345,2756000,
713,AC21,31936709A,聯博新興市場企業債券基金-A2類型,TWD,188758325,0,10.6175,0.0000,0,0,0,0
714,AC21,31936709B,聯博新興市場企業債券基金-AA類型,TWD,1716259635,0,8.2428,0.0000,0,0,0,0
715,AC21,31936709C,聯博新興市場企業債券基金-A2類型(美元),USD,0,0,0.0000,0.0000,0,0,0,0
716,AC21,31936709D,聯博新興市場企業債券基金-AA類型(美元),USD,290801584,9554527,448.2797,14.7286,0,0,0,0
717,AE22,38522107A,聯博收益傘型基金之聯博債券收益組合基金-A2類型(新台幣),TWD,565992168,0,10.9400,0.0000,0,0,0,0
718,AE22,38522107B,聯博收益傘型基金之聯博債券收益組合基金-AA類型(新台幣),TWD,1004562869,0,8.9200,0.0000,0,0,0,0
719,AE22,38522107C,聯博收益傘型基金之聯博債券收益組合基金-AA類型(人民幣),CNY,203216421,45266331,64.5569,14.3800,0,0,0,0
720,AE22,38522107D,聯博收益傘型基金之聯博債券收益組合基金-AA類型(美元),USD,65870839,2164241,430.9738,14.1600,0,0,0,0
721,AE22,38522107E,聯博收益傘型基金之聯博債券收益組合基金-A2類型(人民幣),CNY,18443001,4108167,80.8532,18.0100,0,0,0,0
722,AE22,38522107F,聯博收益傘型基金之聯博債券收益組合基金-AA類型(澳幣),AUD,17542956,750115,332.0957,14.2000,0,0,0,0
723,AE22,38522107G,聯博收益傘型基金之聯博債券收益組合基金-AA類型(南非幣),ZAR,1431087,614334,34.8492,14.9600,0,0,0,0
724,AE22,38522107H,聯博收益傘型基金之聯博債券收益組合基金-A2類型(美元),USD,2471981,81219,522.2818,17.1600,0,0,0,0
725,AE23,38522113A,聯博收益傘型基金之聯博多元資產收益組合基金-A2類型(新台幣),TWD,3601432596,0,12.1000,0.0000,0,0,0,0
726,AE23,38522113B,聯博收益傘型基金之聯博多元資產收益組合基金-AD類型(新台幣),TWD,3663756869,0,10.1600,0.0000,0,0,0,0
727,AE23,38522113C,聯博收益傘型基金之聯博多元資產收益組合基金-A2類型(人民幣),CNY,253602327,56489760,84.9385,18.9200,0,0,0,0
728,AE23,38522113D,聯博收益傘型基金之聯博多元資產收益組合基金-AD類型(人民幣),CNY,2156802727,480426461,69.3156,15.4400,0,0,0,0
729,AE23,38522113E,聯博收益傘型基金之聯博多元資產收益組合基金-AD類型(美元),USD,3125502363,102690970,461.7141,15.1700,0,0,0,0
730,AE23,38522113F,聯博收益傘型基金之聯博多元資產收益組合基金-A2類型(美元),USD,337696916,11095312,531.7169,17.4700,0,0,0,0
731,AE23,38522113G,聯博收益傘型基金之聯博多元資產收益組合基金-AD類型(澳幣),AUD,1095070076,46823835,362.2650,15.4900,0,0,0,0
732,AE23,38522113H,聯博收益傘型基金之聯博多元資產收益組合基金-AD類型(南非幣),ZAR,189754654,81457466,36.9458,15.8600,0,0,0,0
733,AB2,38633201A,聯博收益成長傘型之聯博歐洲收益成長平衡基金-A2類型,TWD,663651352,0,11.3900,0.0000,0,0,0,0
734,AB2,38633201B,聯博收益成長傘型之聯博歐洲收益成長平衡基金-AD類型,TWD,255544377,0,10.0800,0.0000,0,0,0,0
735,AB2,38633201C,聯博收益成長傘型之聯博歐洲收益成長平衡基金-AD類型(美元),USD,392466285,12894805,460.8010,15.1400,0,0,0,0
736,AB2,38633201D,聯博收益成長傘型之聯博歐洲收益成長平衡基金-AD類型(人民幣),CNY,68718087,15306911,68.5524,15.2700,0,0,0,0
737,AB2,38633217A,聯博收益成長傘型之聯博亞太收益成長平衡基金-A2類型,TWD,489702860,0,10.7700,0.0000,0,0,0,0
738,AB2,38633217B,聯博收益成長傘型之聯博亞太收益成長平衡基金-AD類型,TWD,333220772,0,9.5300,0.0000,0,0,0,0
739,AC23,38654486A,聯博全球高收益債券基金-T2類型(新台幣),TWD,753211468,0,10.4200,0.0000,0,0,0,0
740,AC23,38654486B,聯博全球高收益債券基金-TA類型(新台幣),TWD,8713494186,0,8.8200,0.0000,0,0,0,0
741,AC23,38654486C,聯博全球高收益債券基金-TA類型(美元),USD,1945639075,63925584,414.2340,13.6100,0,0,0,0
742,AC23,38654486D,聯博全球高收益債券基金-TA類型(人民幣),CNY,11514160542,2564772073,62.0877,13.8300,0,0,0,0
743,AC23,38654486E,聯博全球高收益債券基金-TA類型(澳幣),AUD,695961793,29758461,311.7490,13.3300,0,0,0,0
744,AC23,38654486F,聯博全球高收益債券基金-TA類型(南非幣),ZAR,572934793,245948204,33.2652,14.2800,0,0,0,0
745,AC23,38654486G,聯博全球高收益債券基金-T2類型(人民幣),CNY,69408388,15460675,68.9564,15.3600,0,0,0,0
746,AC21,42519821A,聯博新興亞洲收益基金-A2類型(新台幣),TWD,788790202,0,9.9800,0.0000,0,0,0,0
747,AC21,42519821B,聯博新興亞洲收益基金-AA類型(新台幣),TWD,926992414,0,9.9800,0.0000,0,0,0,0
748,AC21,42519821C,聯博新興亞洲收益基金-AA類型(美元),USD,1384290487,45482011,456.0000,14.9700,0,0,0,0
749,AC21,42519821D,聯博新興亞洲收益基金-AA類型(人民幣),CNY,611430418,136195744,67.0000,14.9700,0,0,0,0
750,AA1,97997635,聯博大利基金,TWD,744358413,0,36.7200,0.0000,447,395,2329000,0
751,AD1,97998424,聯博貨幣市場基金,TWD,565294607,0,14.9522,0.0000,0,0,0,0
752,聯博投信,聯博投信,聯博投信,聯博投信,49988239913,,,,447,395,2329000,
753,AA1,17147078,日盛精選五虎基金,TWD,723605890,0,31.5800,0.0000,2262,1872,10990000,0
754,AA1,17607591,日盛高科技基金,TWD,587319337,0,13.3200,0.0000,615,472,3035000,0
755,AA1,20084317,日盛日盛基金,TWD,1001720379,0,11.0500,0.0000,1328,1263,6047500,0
756,AE22,25690517,日盛金緻招牌組合基金,TWD,115091213,0,10.2250,0.0000,32,22,176000,0
757,AA1,26273336,日盛MIT主流基金,TWD,270874755,0,13.9700,0.0000,368,277,2491000,0
758,AA2,26323737,日盛中國內需動力基金,TWD,397142189,0,10.1200,0.0000,562,404,2540000,0
759,AC23,31827147A,日盛亞洲高收益債券基金(新台幣A),TWD,1830075556,0,12.7598,0.0000,196,129,1243000,0
760,AC23,31827147B,日盛亞洲高收益債券基金(新台幣B),TWD,2066486670,0,9.4154,0.0000,191,120,4279000,0
761,AC23,31827147C,日盛亞洲高收益債券基金(人民幣A),CNY,15554570,3464720,11.1693,2.4879,0,0,0,0
762,AC23,31827147D,日盛亞洲高收益債券基金(人民幣B),CNY,8380065,1866627,8.3544,1.8609,0,0,0,0
763,AC23,31827147E,日盛亞洲高收益債券基金(美元A),USD,168624450,5540296,11.6991,0.3844,0,0,0,0
764,AC23,31827147F,日盛亞洲高收益債券基金(美元B),USD,39144129,1286113,8.7944,0.2889,0,0,0,0
765,AC21,31967890A,日盛全球新興債券基金A,TWD,153449831,0,11.0248,0.0000,49,31,695000,0
766,AC21,31967890B,日盛全球新興債券基金B,TWD,102996668,0,9.0761,0.0000,7,5,70000,0
767,AC23,38648871A,日盛中國高收益債券基金(新台幣A),TWD,91513744,0,10.6767,0.0000,42,26,252000,0
768,AC23,38648871B,日盛中國高收益債券基金(新台幣B),TWD,78627561,0,9.5487,0.0000,5,4,50000,0
769,AC23,38648871C,日盛中國高收益債券基金(人民幣A),CNY,36093913,8039778,54.3406,12.1042,0,0,0,0
770,AC23,38648871D,日盛中國高收益債券基金(人民幣B),CNY,28879644,6432828,48.5451,10.8132,0,0,0,0
771,AC23,38648871E,日盛中國高收益債券基金(美元A),USD,39084096,1284140,366.3930,12.0381,0,0,0,0
772,AC23,38648871F,日盛中國高收益債券基金(美元B),USD,3208521,105419,330.6802,10.8648,0,0,0,0
773,AA2,42449987A,日盛中國戰略A股基金(新台幣),TWD,994025555,0,10.5900,0.0000,225,124,1235000,0
774,AA2,42449987B,日盛中國戰略A股基金(人民幣),CNY,63096291,14054452,47.3600,10.5500,0,0,0,0
775,AA2,42449987C,日盛中國戰略A股基金(美元),USD,120715769,3966217,321.3200,10.5600,0,0,0,0
776,AC23,42480537A,日盛全球高收益債券基金(新台幣 A),TWD,753209515,0,10.0228,0.0000,20,12,982000,0
777,AC23,42480537B,日盛全球高收益債券基金(新台幣 B),TWD,322042191,0,10.0228,0.0000,7,6,150000,0
778,AC23,42480537C,日盛全球高收益債券基金(美元 A),USD,190218862,6249798,305.6973,10.0439,0,0,0,0
779,AC23,42480537D,日盛全球高收益債券基金(美元 B),USD,229121790,7527986,305.7001,10.0440,0,0,0,0
780,AA2,48925706,日盛亞洲機會基金,TWD,428913120,0,6.6400,0.0000,194,143,890000,0
781,AA1,48948481,日盛首選基金,TWD,277255629,0,13.4100,0.0000,455,358,2182000,0
782,AA2,48968970,日盛全球抗暖化基金,TWD,438694266,0,9.4500,0.0000,297,271,1187000,0
783,AA1,73988876,日盛小而美基金,TWD,639597382,0,18.2900,0.0000,1697,1246,7720000,0
784,AD1,81580387,日盛貨幣市場基金,TWD,72548738138,0,14.6968,0.0000,0,0,0,0
785,AA1,81584975,日盛上選基金,TWD,2311905255,0,24.5700,0.0000,1512,1390,6938000,0
786,AA1,94991068,日盛新台商基金,TWD,229168793,0,29.8600,0.0000,397,346,2171500,0
787,日盛投信,日盛投信,日盛投信,日盛投信,87304575737,,,,10461,8521,55324000,
788,AC23,10340936A,柏瑞全球策略高收益債券基金-A類型,TWD,4352813596,0,13.4333,0.0000,455,327,2746000,0
789,AC23,10340936B,柏瑞全球策略高收益債券基金-B類型,TWD,22795079382,0,7.2529,0.0000,910,623,8011000,0
790,AC23,10340936C,柏瑞全球策略高收益債券基金-B類型(澳幣),AUD,162569632,6958083,206.3048,8.8300,0,0,0,0
791,AC23,10340936D,柏瑞全球策略高收益債券基金-B類型(南非幣),ZAR,170406930,73251577,20.9531,9.0070,0,0,0,0
792,AC23,10340936E,柏瑞全球策略高收益債券基金-A類型(人民幣),CNY,140436070,31297274,51.9630,11.5804,0,0,0,0
793,AC23,10340936F,柏瑞全球策略高收益債券基金-B類型(人民幣),CNY,755179525,168297648,41.9798,9.3555,0,0,0,0
794,AC23,10340936G,柏瑞全球策略高收益債券基金-N類型(人民幣),CNY,897115822,199929258,46.8953,10.4510,0,0,0,0
795,AC23,10340936H,柏瑞全球策略高收益債券基金-N類型,TWD,1676929841,0,9.6143,0.0000,0,0,0,0
796,AC23,10340936I,柏瑞全球策略高收益債券基金-N9類型(台幣),TWD,81116949,0,11.6375,0.0000,0,0,0,0
797,AC23,10340936J,柏瑞全球策略高收益債券基金-N9類型(人民幣),CNY,82477284,18380706,52.7317,11.7517,0,0,0,0
798,AC23,10340936K,柏瑞全球策略高收益債券基金-A類型(美元),USD,150302030,4938298,375.5597,12.3393,0,0,0,0
799,AC23,10340936L,柏瑞全球策略高收益債券基金-B類型(美元),USD,190780236,6268243,347.5968,11.4206,0,0,0,0
800,AC23,10340936M,柏瑞全球策略高收益債券基金-N類型(美元),USD,776442777,25510671,309.1826,10.1585,0,0,0,0
801,AC23,10340936N,柏瑞全球策略高收益債券基金-N9類型(美元),USD,39008750,1281665,341.8967,11.2333,0,0,0,0
802,AC23,10340936O,柏瑞全球策略高收益債券基金-A類型(南非幣),ZAR,0,0,0.0000,0.0000,0,0,0,0
803,AC23,10340936P,柏瑞全球策略高收益債券基金-N類型(南非幣),ZAR,293280938,126070525,23.9464,10.2937,0,0,0,0
804,AC23,10340936Q,柏瑞全球策略高收益債券基金-N9類型(南非幣),ZAR,46883200,20153337,25.8067,11.0934,0,0,0,0
805,AC23,10340936R,柏瑞全球策略高收益債券基金-Bt類型,TWD,7168594,0,9.9703,0.0000,0,0,0,0
806,AA1,20094820,柏瑞巨人基金,TWD,1489406204,0,12.0700,0.0000,577,516,3098000,0
807,AE22,21709584A,柏瑞旗艦全球債券組合基金-A類型,TWD,448378502,0,13.3114,0.0000,11,11,50000,0
808,AE22,21709584B,柏瑞旗艦全球債券組合基金-B類型,TWD,0,0,0.0000,0.0000,0,0,0,0
809,AC23,25682798A,柏瑞新興市場高收益債券基金-A類型,TWD,1428761201,0,12.3552,0.0000,114,89,538000,0
810,AC23,25682798B,柏瑞新興市場高收益債券基金-B類型,TWD,3937908452,0,7.8578,0.0000,226,161,1898000,0
811,AC23,25682798C,柏瑞新興市場高收益債券基金-B類型(人民幣),CNY,132617678,29554884,44.1136,9.8311,0,0,0,0
812,AC23,25682798D,柏瑞新興市場高收益債券基金-A類型(人民幣),CNY,37477509,8352155,52.0363,11.5967,0,0,0,0
813,AC23,25682798E,柏瑞新興市場高收益債券基金-N類型(台幣),TWD,164472589,0,10.0243,0.0000,0,0,0,0
814,AC23,25682798F,柏瑞新興市場高收益債券基金-N9類型(台幣),TWD,29669749,0,10.6209,0.0000,0,0,0,0
815,AC23,25682798G,柏瑞新興市場高收益債券基金-N類型(人民幣),CNY,222135848,49504706,47.6993,10.6302,0,0,0,0
816,AC23,25682798H,柏瑞新興市場高收益債券基金-N9類型(人民幣),CNY,0,0,0.0000,0.0000,0,0,0,0
817,AC23,25682798I,柏瑞新興市場高收益債券基金-A類型(美元),USD,29516417,969786,338.7927,11.1313,0,0,0,0
818,AC23,25682798J,柏瑞新興市場高收益債券基金-B類型(美元),USD,170015890,5586013,318.7575,10.4730,0,0,0,0
819,AC23,25682798K,柏瑞新興市場高收益債券基金-N類型(美元),USD,147751696,4854504,325.5189,10.6952,0,0,0,0
820,AC23,25682798L,柏瑞新興市場高收益債券基金-N9類型(美元),USD,27907356,916919,339.2995,11.1480,0,0,0,0
821,AA2,26259496,柏瑞五國金勢力建設基金,TWD,162242317,0,6.3600,0.0000,111,85,520000,0
822,AE21,29229530,柏瑞旗艦全球成長組合基金,TWD,1218929872,0,15.9600,0.0000,123,112,570000,0
823,AC21,31827266A,柏瑞新興市場企業策略債券基金-A類型,TWD,1087938869,0,11.7196,0.0000,33,23,189000,0
824,AC21,31827266B,柏瑞新興市場企業策略債券基金-B類型,TWD,779183331,0,9.1107,0.0000,48,29,360000,0
825,AC21,31827266C,柏瑞新興市場企業策略債券基金-B類型(人民幣),CNY,156378565,34850183,45.4638,10.1320,0,0,0,0
826,AC21,31827266D,柏瑞新興市場企業策略債券基金-A類型(人民幣),CNY,10463367,2331843,49.5672,11.0464,0,0,0,0
827,AC21,31827266E,柏瑞新興市場企業策略債券基金-N類型(台幣),TWD,14828799,0,9.8443,0.0000,0,0,0,0
828,AC21,31827266F,柏瑞新興市場企業策略債券基金-N9類型(台幣),TWD,1745971,0,10.2932,0.0000,0,0,0,0
829,AC21,31827266G,柏瑞新興市場企業策略債券基金-N類型(人民幣),CNY,71788595,15998648,47.1029,10.4973,0,0,0,0
830,AC21,31827266H,柏瑞新興市場企業策略債券基金-N9類型(人民幣),CNY,31271036,6968994,47.6790,10.6256,0,0,0,0
831,AC21,31827266I,柏瑞新興市場企業策略債券基金-A類型(美金),USD,64478302,2118488,314.8229,10.3438,0,0,0,0
832,AC21,31827266J,柏瑞新興市場企業策略債券基金-B類型(美金),USD,6888040,226312,307.5099,10.1035,0,0,0,0
833,AC21,31827266K,柏瑞新興市場企業策略債券基金-N類型(美金),USD,16239556,533564,307.8306,10.1140,0,0,0,0
834,AC21,31827266L,柏瑞新興市場企業策略債券基金-N9類型(美金),USD,2883740,94748,314.3171,10.3271,0,0,0,0
835,AC21,31827266M,柏瑞新興市場企業策略債券基金-A類型(南非幣),ZAR,0,0,0.0000,0.0000,0,0,0,0
836,AC21,31827266N,柏瑞新興市場企業策略債券基金-B類型(南非幣),ZAR,0,0,0.0000,0.0000,0,0,0,0
837,AC21,31827266O,柏瑞新興市場企業策略債券基金-N類型(南非幣),ZAR,6253949,2688339,22.9029,9.8451,0,0,0,0
838,AC21,31827266P,柏瑞新興市場企業策略債券基金-N9類型(南非幣),ZAR,0,0,0.0000,0.0000,0,0,0,0
839,AC21,38495354A,柏瑞新興亞太策略債券基金-A類型,TWD,488135804,0,11.4058,0.0000,60,40,279000,0
840,AC21,38495354B,柏瑞新興亞太策略債券基金-B類型,TWD,498954444,0,9.8369,0.0000,55,37,595000,0
841,AC21,38495354C,柏瑞新興亞太策略債券基金-B類型(人民幣),CNY,121965073,27180868,46.5648,10.3773,0,0,0,0
842,AC21,38495354D,柏瑞新興亞太策略債券基金-A類型(人民幣),CNY,17546269,3910323,52.7070,11.7462,0,0,0,0
843,AC21,38495354E,柏瑞新興亞太策略債券基金-N類型,TWD,52541089,0,9.9937,0.0000,0,0,0,0
844,AC21,38495354F,柏瑞新興亞太策略債券基金-N9類型(台幣),TWD,15623210,0,10.1764,0.0000,0,0,0,0
845,AC21,38495354G,柏瑞新興亞太策略債券基金-N類型(人民幣),CNY,71950630,16034759,47.5524,10.5974,0,0,0,0
846,AC21,38495354H,柏瑞新興亞太策略債券基金-N9類型(人民幣),CNY,14047905,3130685,49.6792,11.0714,0,0,0,0
847,AC21,38495354I,柏瑞新興亞太策略債券基金-A類型(美元),USD,131601246,4323868,331.3546,10.8869,0,0,0,0
848,AC21,38495354J,柏瑞新興亞太策略債券基金-B類型(美元),USD,46883962,1540411,312.3718,10.2632,0,0,0,0
849,AC21,38495354K,柏瑞新興亞太策略債券基金-N類型(美元),USD,27461975,902286,305.0424,10.0224,0,0,0,0
850,AC21,38495354L,柏瑞新興亞太策略債券基金-N9類型(美元),USD,11171617,367053,315.6200,10.3700,0,0,0,0
851,AC21,38495354Q,柏瑞新興亞太策略債券基金-Ns類型,TWD,56010906,0,10.0464,0.0000,0,0,0,0
852,AA2,38547873A,柏瑞亞洲亮點股票基金-A類型(台幣),TWD,192795493,0,11.7200,0.0000,50,32,206000,0
853,AA2,38547873B,柏瑞亞洲亮點股票基金-A類型(人民幣),CNY,3604240,803233,51.7200,11.5300,0,0,0,0
854,AA2,38547873C,柏瑞亞洲亮點股票基金-N9類型(台幣),TWD,0,0,0.0000,0.0000,0,0,0,0
855,AA2,38547873D,柏瑞亞洲亮點股票基金-N9類型(人民幣),CNY,0,0,0.0000,0.0000,0,0,0,0
856,AA2,38547873E,柏瑞亞洲亮點股票基金-A類型(美元),USD,0,0,0.0000,0.0000,0,0,0,0
857,AA2,38547873F,柏瑞亞洲亮點股票基金-N9類型(美元),USD,0,0,0.0000,0.0000,0,0,0,0
858,AB2,38651312A,柏瑞中國平衡基金-A類型,TWD,941229654,0,10.0774,0.0000,36,27,157000,0
859,AB2,38651312B,柏瑞中國平衡基金-B類型,TWD,564378032,0,9.3107,0.0000,41,28,253000,0
860,AB2,38651312C,柏瑞中國平衡基金-A類型(美元),USD,107786907,3541428,315.0548,10.3514,0,0,0,0
861,AB2,38651312D,柏瑞中國平衡基金-B類型(美元),USD,74306069,2441387,290.8444,9.5559,0,0,0,0
862,AB2,38651312E,柏瑞中國平衡基金-A類型(人民幣),CNY,111538465,24857217,49.3133,10.9898,0,0,0,0
863,AB2,38651312F,柏瑞中國平衡基金-B類型(人民幣),CNY,150492873,33538511,44.1022,9.8285,0,0,0,0
864,AB2,38651312G,柏瑞中國平衡基金-N類型,TWD,6277851,0,10.6481,0.0000,0,0,0,0
865,AB2,38651312H,柏瑞中國平衡基金-N類型(人民幣),CNY,3801535,847202,50.4310,11.2389,0,0,0,0
866,AB2,38651312I,柏瑞中國平衡基金-N9類型(台幣),TWD,0,0,0.0000,0.0000,0,0,0,0
867,AB2,38651312J,柏瑞中國平衡基金-N9類型(人民幣),CNY,0,0,0.0000,0.0000,0,0,0,0
868,AB2,38651312K,柏瑞中國平衡基金-N類型(美元),USD,0,0,0.0000,0.0000,0,0,0,0
869,AB2,38651312L,柏瑞中國平衡基金-N9類型(美元),USD,0,0,0.0000,0.0000,0,0,0,0
870,AC23,42329391A,柏瑞亞太高收益債券基金-A類型,TWD,1343898322,0,10.8709,0.0000,28,20,167000,0
871,AC23,42329391B,柏瑞亞太高收益債券基金-B類型,TWD,1448009462,0,9.9377,0.0000,42,26,473000,0
872,AC23,42329391C,柏瑞亞太高收益債券基金-N類型,TWD,1275831077,0,9.9378,0.0000,0,0,0,0
873,AC23,42329391D,柏瑞亞太高收益債券基金-A類型(人民幣),CNY,113659763,25329965,53.2990,11.8781,0,0,0,0
874,AC23,42329391E,柏瑞亞太高收益債券基金-B類型(人民幣),CNY,435804445,97122420,48.0296,10.7038,0,0,0,0
875,AC23,42329391F,柏瑞亞太高收益債券基金-N類型(人民幣),CNY,841411309,187515073,48.0310,10.7041,0,0,0,0
876,AC23,42329391G,柏瑞亞太高收益債券基金-A類型(美元),USD,192902581,6337974,345.5262,11.3526,0,0,0,0
877,AC23,42329391H,柏瑞亞太高收益債券基金-B類型(美元),USD,410429760,13485010,316.4354,10.3967,0,0,0,0
878,AC23,42329391I,柏瑞亞太高收益債券基金-N類型(美元),USD,889664490,29230664,316.4426,10.3970,0,0,0,0
879,AC23,42329391J,柏瑞亞太高收益債券基金-N9類型,TWD,40123414,0,10.5782,0.0000,0,0,0,0
880,AC23,42329391K,柏瑞亞太高收益債券基金-N9類型(人民幣),CNY,137887023,30729199,49.6254,11.0594,0,0,0,0
881,AC23,42329391L,柏瑞亞太高收益債券基金-N9類型(美元),USD,103746848,3408689,333.8084,10.9676,0,0,0,0
882,AE23,42383802A,柏瑞環球多元資產基金-A類型,TWD,1741912554,0,10.5173,0.0000,9,5,40000,0
883,AE23,42383802B,柏瑞環球多元資產基金-B類型,TWD,102157591,0,10.0848,0.0000,2,2,15000,0
884,AE23,42383802C,柏瑞環球多元資產基金-N類型,TWD,0,0,0.0000,0.0000,0,0,0,0
885,AE23,42383802D,柏瑞環球多元資產基金-N9類型,TWD,0,0,0.0000,0.0000,0,0,0,0
886,AE23,42383802E,柏瑞環球多元資產基金-A類型(人民幣),CNY,7956091,1773077,49.9001,11.1206,0,0,0,0
887,AE23,42383802F,柏瑞環球多元資產基金-B類型(人民幣),CNY,6923949,1543056,47.3170,10.5450,0,0,0,0
888,AE23,42383802G,柏瑞環球多元資產基金-N類型(人民幣),CNY,3173277,707190,46.4454,10.3507,0,0,0,0
889,AE23,42383802H,柏瑞環球多元資產基金-N9類型(人民幣),CNY,0,0,0.0000,0.0000,0,0,0,0
890,AE23,42383802I,柏瑞環球多元資產基金-A類型(美元),USD,40681310,1336618,327.3752,10.7562,0,0,0,0
891,AE23,42383802J,柏瑞環球多元資產基金-B類型(美元),USD,13624924,447658,314.0744,10.3192,0,0,0,0
892,AE23,42383802K,柏瑞環球多元資產基金-N類型(美元),USD,1348512,44306,312.3378,10.2621,0,0,0,0
893,AE23,42383802L,柏瑞環球多元資產基金-N9類型(美元),USD,0,0,0.0000,0.0000,0,0,0,0
894,AE23,42383802M,柏瑞環球多元資產基金-A類型(南非幣),ZAR,6708264,2883632,26.1224,11.2291,0,0,0,0
895,AE23,42383802N,柏瑞環球多元資產基金-B類型(南非幣),ZAR,13208766,5677955,23.9770,10.3068,0,0,0,0
896,AE23,42383802O,柏瑞環球多元資產基金-N類型(南非幣),ZAR,0,0,0.0000,0.0000,0,0,0,0
897,AE23,42383802P,柏瑞環球多元資產基金-N9類型(南非幣),ZAR,0,0,0.0000,0.0000,0,0,0,0
898,AA2,42468457A,柏瑞特別股息收益基金-A類型,TWD,2866612930,0,10.2000,0.0000,209,128,1577000,0
899,AA2,42468457B,柏瑞特別股息收益基金-B類型,TWD,4154120089,0,10.0700,0.0000,222,124,3151000,0
900,AA2,42468457C,柏瑞特別股息收益基金-N類型,TWD,277491862,0,10.1500,0.0000,0,0,0,0
901,AA2,42468457D,柏瑞特別股息收益基金-N9類型,TWD,26084152,0,10.1800,0.0000,0,0,0,0
902,AA2,42468457E,柏瑞特別股息收益基金-A類型(人民幣),CNY,447468868,99721927,47.3600,10.5600,0,0,0,0
903,AA2,42468457F,柏瑞特別股息收益基金-B類型(人民幣),CNY,1417531067,315907855,46.6200,10.3900,0,0,0,0
904,AA2,42468457G,柏瑞特別股息收益基金-N類型(人民幣),CNY,434375900,96804057,45.7200,10.1900,0,0,0,0
905,AA2,42468457H,柏瑞特別股息收益基金-N9類型(人民幣),CNY,68577879,15283115,46.2000,10.3000,0,0,0,0
906,AA2,42468457I,柏瑞特別股息收益基金-A類型(美元),USD,2116069700,69525223,317.3500,10.4300,0,0,0,0
907,AA2,42468457J,柏瑞特別股息收益基金-B類型(美元),USD,6192398683,203456390,313.4300,10.3000,0,0,0,0
908,AA2,42468457K,柏瑞特別股息收益基金-N類型(美元),USD,1454051009,47774051,309.4700,10.1700,0,0,0,0
909,AA2,42468457L,柏瑞特別股息收益基金-N9類型(美元),USD,266258292,8748137,311.0900,10.2200,0,0,0,0
910,AE23,48570676,柏瑞全球金牌組合基金,TWD,564189085,0,15.4900,0.0000,266,246,1400000,0
911,AA2,48807089,柏瑞拉丁美洲基金,TWD,1442040939,0,8.5700,0.0000,1209,1002,6443000,0
912,AC21,48873398A,柏瑞美國雙核心收益基金-A類型,TWD,120977902,0,11.7444,0.0000,16,14,79000,0
913,AC21,48873398B,柏瑞美國雙核心收益基金-B類型,TWD,132944874,0,8.0071,0.0000,8,7,42000,0
914,AA2,48944099A,柏瑞亞太高股息基金-A類型,TWD,377614166,0,12.2400,0.0000,196,154,1142000,0
915,AA2,48944099B,柏瑞亞太高股息基金-B類型,TWD,160365081,0,8.3300,0.0000,18,17,106000,0
916,AA2,48944099C,柏瑞亞太高股息基金-B類型(人民幣),CNY,2690559,599612,42.7600,9.5300,0,0,0,0
917,AA2,48944099D,柏瑞亞太高股息基金-N類型,TWD,4462060,0,10.9900,0.0000,0,0,0,0
918,AA2,48944099E,柏瑞亞太高股息基金-N類型(人民幣),CNY,2223994,495634,51.2100,11.4100,0,0,0,0
919,AA2,48944099F,柏瑞亞太高股息基金-A類型(人民幣),CNY,6361114,1417624,58.2800,12.9900,0,0,0,0
920,AA2,48944099G,柏瑞亞太高股息基金-N9類型(台幣),TWD,0,0,0.0000,0.0000,0,0,0,0
921,AA2,48944099H,柏瑞亞太高股息基金-N9類型(人民幣),CNY,0,0,0.0000,0.0000,0,0,0,0
922,AA2,48944099I,柏瑞亞太高股息基金-A類型(美元),USD,0,0,0.0000,0.0000,0,0,0,0
923,AA2,48944099J,柏瑞亞太高股息基金-B類型(美元),USD,0,0,0.0000,0.0000,0,0,0,0
924,AA2,48944099K,柏瑞亞太高股息基金-N類型(美元),USD,1568635,51539,353.5800,11.6200,0,0,0,0
925,AA2,48944099L,柏瑞亞太高股息基金-N9類型(美元),USD,0,0,0.0000,0.0000,0,0,0,0
926,AD1,73992978,柏瑞巨輪貨幣市場基金,TWD,6083430007,0,13.6029,0.0000,0,0,0,0
927,AE23,99353053,柏瑞旗艦全球平衡組合基金,TWD,3643597509,0,17.4900,0.0000,114,101,666000,0
928,柏瑞投信,柏瑞投信,柏瑞投信,柏瑞投信,89660200293,,,,5189,3986,34771000,
929,AA2,10300441A,復華全球大趨勢基金-新臺幣,TWD,3882115926,0,17.1200,0.0000,2549,2169,14383000,0
930,AA2,10300441B,復華全球大趨勢基金-美元,USD,24051479,790231,336.9265,11.0700,0,0,0,0
931,AA2,10374246,復華華人世紀基金,TWD,2158063088,0,15.3500,0.0000,1840,1326,9629000,0
932,AC21,14916692,復華全球債券基金,TWD,629247878,0,13.6147,0.0000,51,44,265300,0
933,AB1,15742001,復華人生目標基金,TWD,3014303792,0,30.2687,0.0000,569,397,3639000,0
934,AB1,17138818,復華傳家基金,TWD,707714818,0,19.6825,0.0000,34,26,632000,0
935,AD1,17597405,復華有利貨幣市場基金,TWD,5915497019,0,13.3815,0.0000,0,0,0,0
936,AA1,17608487,復華數位經濟基金,TWD,3700171058,0,38.5500,0.0000,6736,4892,35008300,0
937,AB1,18035945,復華傳家二號基金,TWD,1470029105,0,23.5816,0.0000,199,182,965000,0
938,AA1,18488279,復華中小精選基金,TWD,2319246342,0,47.5300,0.0000,3220,2391,19086300,0
939,AA1,21759676,復華全方位基金,TWD,750635350,0,21.6600,0.0000,1467,1096,7890000,0
940,AC21,25590496A,復華全球短期收益基金-新臺幣,TWD,899001387,0,11.4149,0.0000,11,10,51000,0
941,AC21,25590496B,復華全球短期收益基金-美元,USD,0,0,0.0000,0.0000,0,0,0,0
942,AE23,25620891,復華高益策略組合基金,TWD,8629846071,0,13.3000,0.0000,76,69,358000,0
943,AA2,25676249,復華全球原物料基金,TWD,647238702,0,8.0000,0.0000,452,353,2605500,0
944,AE23,26204036A,復華新興債股動力組合基金-新臺幣,TWD,263607583,0,9.1500,0.0000,14,13,47000,0
945,AE23,26204036B,復華新興債股動力組合基金-美元,USD,0,0,0.0000,0.0000,0,0,0,0
946,AA2,26276235,復華大中華中小策略基金,TWD,1897637315,0,8.8700,0.0000,1070,805,5983100,0
947,AC21,26305800,復華新興市場短期收益基金,TWD,1510577533,0,10.8900,0.0000,5,3,37000,0
948,AC23,26305816A,復華新興市場高收益債券基金A,TWD,3312859383,0,9.8800,0.0000,140,87,656500,0
949,AC23,26305816B,復華新興市場高收益債券基金B,TWD,3046974020,0,6.3600,0.0000,0,0,0,0
950,AC23,26305816C,復華新興市場高收益債券基金-南非幣配息,ZAR,11044155,4744240,33.3356,14.3200,0,0,0,0
951,AC23,26305816D,復華新興市場高收益債券基金-人民幣配息,CNY,75074617,16725537,60.6862,13.5200,0,0,0,0
952,AA2,26334404,復華東協世紀基金,TWD,1806500421,0,11.9900,0.0000,1836,1390,8860000,0
953,AH2,31835478,復華滬深300 A股基金,TWD,5496125172,0,21.9500,0.0000,0,0,0,0
954,AF,31901862,復華南非幣2017保本基金,ZAR,1882364812,808607915,29.0523,12.4800,0,0,0,0
955,AC21,31901878A,復華南非幣短期收益基金A,ZAR,724050802,311030681,29.3782,12.6200,0,0,0,0
956,AC21,31901878B,復華南非幣短期收益基金B,ZAR,383190321,164607160,21.3935,9.1900,0,0,0,0
957,AC21,31901899A,復華南非幣長期收益基金A,ZAR,428986618,184279887,27.8651,11.9700,0,0,0,0
958,AC21,31901899B,復華南非幣長期收益基金B,ZAR,1311092137,563206172,19.1587,8.2300,0,0,0,0
959,AC21,31939229A,復華新興人民幣債券基金A,CNY,357541641,79655099,51.2152,11.4100,0,0,0,0
960,AC21,31939229B,復華新興人民幣債券基金B,CNY,594129343,132363413,41.5198,9.2500,0,0,0,0
961,AD2,31939240,復華人民幣貨幣市場基金,CNY,713214603,158893884,50.5123,11.2534,0,0,0,0
962,AA2,31980113A,復華全球消費基金-新臺幣,TWD,605251273,0,11.1200,0.0000,173,142,840888,0
963,AA2,31980113B,復華全球消費基金-美元,USD,0,0,0.0000,0.0000,0,0,0,0
964,AA2,31980129A,復華美國新星基金-新臺幣,TWD,555131777,0,11.2400,0.0000,371,279,1761000,0
965,AA2,31980129B,復華美國新星基金-美元,USD,15871622,521475,342.7094,11.2600,0,0,0,0
966,AC21,38524294,復華新興人民幣短期收益基金,TWD,440077581,0,9.9900,0.0000,4,2,18000,0
967,AE23,38547000A,復華全球戰略配置強基金-新臺幣,TWD,1011280695,0,10.1900,0.0000,20,18,116000,0
968,AE23,38547000B,復華全球戰略配置強基金-美元,USD,0,0,0.0000,0.0000,0,0,0,0
969,AB2,42303499A,復華中國新經濟平衡基金-新臺幣,TWD,1925975966,0,9.3000,0.0000,27,25,610000,0
970,AB2,42303499B,復華中國新經濟平衡基金-人民幣A,CNY,187294284,41726454,46.6817,10.4000,0,0,0,0
971,AB2,42303499C,復華中國新經濟平衡基金-人民幣B,CNY,84289360,18778449,43.9436,9.7900,0,0,0,0
972,AA2,42303511A,復華中國新經濟A股基金-新臺幣,TWD,5000887432,0,7.2900,0.0000,3516,1875,34196000,0
973,AA2,42303511B,復華中國新經濟A股基金-人民幣,CNY,412931758,91995215,36.6720,8.1700,0,0,0,0
974,AH2,42329863,復華恒生單日正向二倍基金,TWD,141171735,0,26.4500,0.0000,0,0,0,0
975,AH2,42329879,復華恒生單日反向一倍基金,TWD,206403946,0,10.2200,0.0000,0,0,0,0
976,AH2,42329884,復華恒生基金,TWD,426448821,0,18.7300,0.0000,0,0,0,0
977,AA2,42400078A,復華全球物聯網科技基金-新臺幣,TWD,2753799335,0,12.6200,0.0000,5088,3006,31892000,0
978,AA2,42400078B,復華全球物聯網科技基金-美元,USD,155421502,5106502,405.1032,13.3100,0,0,0,0
979,AE1,42450246,復華台灣智能基金,TWD,2057875939,0,10.5200,0.0000,362,243,1864000,0
980,AB2,48733658,復華亞太平衡基金,TWD,599838109,0,12.3700,0.0000,21,18,137000,0
981,AE22,48782931,復華全球債券組合基金,TWD,1758377528,0,15.0600,0.0000,78,65,421000,0
982,AA2,48837540,復華亞太成長基金,TWD,2580293697,0,12.7000,0.0000,1021,763,8867000,0
983,AG,48898525A,復華全球資產證券化基金-新臺幣A,TWD,473017385,0,13.4400,0.0000,258,215,1550000,0
984,AG,48898525B,復華全球資產證券化基金-新臺幣B,TWD,44803650,0,9.7100,0.0000,0,0,0,0
985,AG,48898525C,復華全球資產證券化基金-美元,USD,0,0,0.0000,0.0000,0,0,0,0
986,AE23,48952512A,復華奧林匹克全球優勢組合基金-新臺幣,TWD,4788752120,0,13.1900,0.0000,68,58,304000,0
987,AE23,48952512B,復華奧林匹克全球優勢組合基金-美元,USD,222979799,7326186,325.6652,10.7000,0,0,0,0
988,AD1,73980446,復華貨幣市場基金,TWD,17720336882,0,14.3394,0.0000,0,0,0,0
989,AA1,73998086,復華高成長基金,TWD,1737665820,0,50.7100,0.0000,3516,2584,18198600,0
990,AA1,81587889,復華復華基金,TWD,963861680,0,15.8300,0.0000,1541,1174,7056668,0
991,AB2,99034755A,復華全球平衡基金-新臺幣,TWD,1602704052,0,18.2600,0.0000,99,82,504000,0
992,AB2,99034755B,復華全球平衡基金-美元,USD,0,0,0.0000,0.0000,0,0,0,0
993,AB1,99607599,復華神盾基金,TWD,1083107971,0,20.5835,0.0000,134,111,1694000,0
994,AE23,99985163,復華奧林匹克全球組合基金,TWD,1621372188,0,15.1000,0.0000,53,51,247000,0
995,復華投信,復華投信,復華投信,復華投信,109739356398,,,,36619,25964,220373156,
996,AA1,13998344,永豐中小基金,TWD,1117279354,0,41.5500,0.0000,554,443,2608000,0
997,AB1,14706582,永豐趨勢平衡基金,TWD,651581126,0,39.8400,0.0000,812,624,3790000,0
998,AA1,17152509,永豐高科技基金,TWD,371438128,0,17.5700,0.0000,170,135,843000,0
999,AA2,25599877,永豐亞洲民生消費基金,TWD,614060731,0,11.2400,0.0000,362,279,1611000,0
1000,AE22,26304859A,永豐新興高收雙債組合基金累積類型,TWD,282359402,0,11.5359,0.0000,65,52,274000,0
1001,AE22,26304859B,永豐新興高收雙債組合基金月配類型,TWD,493008236,0,7.9845,0.0000,0,0,0,0
1002,AH1,26332314,永豐臺灣加權ETF基金,TWD,156814289,0,52.2700,0.0000,0,0,0,0
1003,AA2,31812778A,永豐中國經濟建設基金-新臺幣類型,TWD,1187377046,0,17.3700,0.0000,1227,881,6377000,0
1004,AA2,31812778B,永豐中國經濟建設基金-人民幣類型,CNY,9517028,2121194,17.3900,3.8800,0,0,0,0
1005,AC23,31842338A,永豐中國高收益債券基金-新臺幣累積類型,TWD,193690210,0,10.9478,0.0000,68,51,665000,0
1006,AC23,31842338B,永豐中國高收益債券基金-人民幣累積類型,CNY,183013230,40790737,11.1068,2.4755,0,0,0,0
1007,AC23,31842338C,永豐中國高收益債券基金-人民幣月配類型,CNY,248642412,55418437,8.9780,2.0010,0,0,0,0
1008,AC23,31842338D,永豐中國高收益債券基金-新臺幣月配類型,TWD,73043455,0,9.1148,0.0000,0,0,0,0
1009,AC21,31909604A,永豐新興市場企業債券基金-新臺幣累積類型,TWD,143793765,0,10.5948,0.0000,28,23,203000,0
1010,AC21,31909604B,永豐新興市場企業債券基金-新臺幣月配類型,TWD,255055916,0,8.3822,0.0000,0,0,0,0
1011,AC21,31909604C,永豐新興市場企業債券基金-人民幣累積類型,CNY,2381037,530695,10.7460,2.3951,0,0,0,0
1012,AC21,31909604D,永豐新興市場企業債券基金-人民幣月配類型,CNY,1372242,305851,10.3000,2.2957,0,0,0,0
1013,AI2,31977594,永豐滬深300紅利指數基金,TWD,4518654544,0,17.3000,0.0000,2167,1493,12948000,0
1014,AF,38530401,永豐南非幣2021保本基金,ZAR,2143984042,921865330,27.5598,11.8501,0,0,0,0
1015,AC21,42267705A,永豐人民幣債券基金-新臺幣累積類型,TWD,397917639,0,9.1770,0.0000,15,7,470000,0
1016,AC21,42267705B,永豐人民幣債券基金-新臺幣月配類型,TWD,119085666,0,8.4148,0.0000,0,0,0,0
1017,AC21,42267705C,永豐人民幣債券基金-人民幣累積類型,CNY,35610429,7936998,47.2359,10.5281,0,0,0,0
1018,AC21,42267705D,永豐人民幣債券基金-人民幣月配類型,CNY,36306203,8092075,43.5754,9.7123,0,0,0,0
1019,AD2,42267711A,永豐人民幣貨幣市場基金-新臺幣類型,TWD,1039353602,0,9.5443,0.0000,0,0,0,0
1020,AD2,42267711B,永豐人民幣貨幣市場基金-人民幣類型,CNY,205429722,45787016,48.0418,10.7077,0,0,0,0
1021,AI2,42330947A,永豐歐洲50指數基金-新臺幣類型,TWD,804206133,0,10.2100,0.0000,70,39,285000,0
1022,AI2,42330947B,永豐歐洲50指數基金-歐元類型,EUR,15969634,459791,351.6500,10.1200,0,0,0,0
1023,AI2,42383599A,永豐標普東南亞指數基金-新臺幣類型,TWD,159241633,0,10.9400,0.0000,19,15,112000,0
1024,AI2,42383599B,永豐標普東南亞指數基金-美元類型,USD,24116576,792214,339.1100,11.1400,0,0,0,0
1025,AI2,42383606A,永豐標普500紅利指數基金-新臺幣類型,TWD,89847891,0,10.6800,0.0000,20,16,95000,0
1026,AI2,42383606B,永豐標普500紅利指數基金-美元類型,USD,32186963,1057529,335.6600,11.0300,0,0,0,0
1027,AA2,48890039,永豐主流品牌基金,TWD,206938181,0,14.6900,0.0000,114,90,567000,0
1028,AD1,73982015,永豐貨幣市場基金,TWD,13321202456,0,13.8198,0.0000,0,0,0,0
1029,AA1,73992013,永豐領航科技基金,TWD,560484968,0,28.9000,0.0000,774,524,6290000,0
1030,AA1,81594690,永豐永豐基金,TWD,1811780978,0,29.7400,0.0000,1190,946,8417000,0
1031,永豐投信,永豐投信,永豐投信,永豐投信,31506744867,,,,7655,5618,45555000,
1032,AB1,18038078,中國信託精穩基金,TWD,100014338,0,16.5337,0.0000,13,11,59000,0
1033,AC21,31996797A,中國信託全球新興市場策略債券基金A(不配息),TWD,141814541,0,10.3174,0.0000,0,0,0,0
1034,AC21,31996797B,中國信託全球新興市場策略債券基金B(配息),TWD,62128618,0,8.2389,0.0000,3,3,25000,0
1035,AB2,38530388A,中國信託多元入息平衡基金A(不配息),TWD,95722710,0,9.9975,0.0000,3,3,11000,0
1036,AB2,38530388B,中國信託多元入息平衡基金B(配息),TWD,192004982,0,9.0181,0.0000,1,1,3000,0
1037,AA2,38654726A,中國信託全球股票入息基金-累積型,TWD,430542801,0,9.3700,0.0000,14,9,56000,0
1038,AA2,38654726B,中國信託全球股票入息基金-配息型,TWD,196470144,0,9.0000,0.0000,0,0,0,0
1039,AB2,42329152A,中國信託亞太多元入息平衡基金A(累積型),TWD,173226942,0,10.9790,0.0000,3,2,9000,0
1040,AB2,42329152B,中國信託亞太多元入息平衡基金B(配息型),TWD,185662807,0,10.3666,0.0000,1,1,10000,0
1041,AG,42401034A,中國信託全球不動產收益基金-台幣A,TWD,755005909,0,9.2500,0.0000,12,9,47000,0
1042,AG,42401034B,中國信託全球不動產收益基金-台幣B,TWD,456144470,0,9.0200,0.0000,4,3,40000,0
1043,AG,42401034C,中國信託全球不動產收益基金-美元B,USD,214078486,7033726,290.9700,9.5600,0,0,0,0
1044,AG,42401034D,中國信託全球不動產收益基金-人民幣B,CNY,52206569,11630925,44.0800,9.8200,0,0,0,0
1045,AB2,42443702A,中國信託樂齡收益平衡基金-台幣A,TWD,221616552,0,10.4800,0.0000,5,4,17000,0
1046,AB2,42443702B,中國信託樂齡收益平衡基金-台幣B,TWD,135967411,0,10.3900,0.0000,0,0,0,0
1047,AB2,42443702C,中國信託樂齡收益平衡基金-美元A,USD,47165082,1549648,328.1000,10.7800,0,0,0,0
1048,AB2,42443702D,中國信託樂齡收益平衡基金-美元B,USD,66177231,2174308,325.6700,10.7000,0,0,0,0
1049,AC23,42458697A,中國信託全球短期高收益債券基金-台幣A,TWD,701025824,0,9.8891,0.0000,1,1,3000,0
1050,AC23,42458697B,中國信託全球短期高收益債券基金-台幣B,TWD,872393161,0,9.8111,0.0000,0,0,0,0
1051,AC23,42458697C,中國信託全球短期高收益債券基金-美元A,USD,137036418,4502445,309.1171,10.1563,0,0,0,0
1052,AC23,42458697D,中國信託全球短期高收益債券基金-美元B,USD,291824113,9588123,306.7340,10.0780,0,0,0,0
1053,AA1,48809501,中國信託台灣優勢基金,TWD,120914745,0,15.3200,0.0000,43,32,169000,0
1054,AA1,48893417,中國信託台灣活力基金,TWD,392946233,0,12.1900,0.0000,127,93,570000,0
1055,AD1,80907786,中國信託華盈貨幣市場基金,TWD,18627812694,0,10.9338,0.0000,0,0,0,0
1056,中國信託投信,中國信託投信,中國信託投信,中國信託投信,24669902781,,,,230,172,1019000,
1057,AA1,17144889,宏利台灣動力基金,TWD,1278098087,0,26.1900,0.0000,174,120,859000,0
1058,AC21,25630146A,宏利亞太入息債券基金-A類型(新臺幣),TWD,2567973093,0,12.0071,0.0000,13,11,65000,0
1059,AC21,25630146B,宏利亞太入息債券基金-B類型(新臺幣),TWD,842526795,0,9.2120,0.0000,0,0,0,0
1060,AC21,25630146C,宏利亞太入息債券基金-C類型(新臺幣),TWD,936081,0,11.2957,0.0000,0,0,0,0
1061,AC21,25630146D,宏利亞太入息債券基金-A類型(人民幣避險),CNY,43813058,9760614,12.4247,2.7679,0,0,0,0
1062,AC21,25630146E,宏利亞太入息債券基金-C類型(人民幣避險),CNY,1904630,424311,11.2869,2.5145,0,0,0,0
1063,AA2,25677726A,宏利亞太中小企業基金(新臺幣),TWD,2785979661,0,18.4000,0.0000,190,132,983000,0
1064,AA2,25677726B,宏利亞太中小企業基金(人民幣避險),CNY,19936003,4441316,18.2154,4.0580,0,0,0,0
1065,AA2,25677726C,宏利亞太中小企業基金(美元),USD,6407366,210547,19.1422,0.6290,0,0,0,0
1066,AC23,26258187A,宏利新興市場高收益債券基金-A類型(新臺幣),TWD,2333183012,0,12.4784,0.0000,10,7,74000,0
1067,AC23,26258187B,宏利新興市場高收益債券基金-B類型(新臺幣),TWD,305150591,0,8.0767,0.0000,0,0,0,0
1068,AC23,26258187C,宏利新興市場高收益債券基金-C類型(新臺幣),TWD,6385503,0,10.1332,0.0000,0,0,0,0
1069,AC23,26258187D,宏利新興市場高收益債券基金-A類型(人民幣避險),CNY,108756564,24228641,12.2831,2.7364,0,0,0,0
1070,AC23,26258187E,宏利新興市場高收益債券基金-C類型(人民幣避險),CNY,225797962,50302966,10.0050,2.2289,0,0,0,0
1071,AC23,26258187F,宏利新興市場高收益債券基金-A類型(澳幣避險),AUD,1904911,81462,22.0078,0.9411,0,0,0,0
1072,AC23,26258187G,宏利新興市場高收益債券基金-C類型(澳幣避險),AUD,3213997,137444,8.9479,0.3827,0,0,0,0
1073,AC23,26258187H,宏利新興市場高收益債券基金-A類型(美元),USD,52329711,1719562,12.2697,0.4032,0,0,0,0
1074,AC23,26258187I,宏利新興市場高收益債券基金-C類型(美元),USD,327296,10755,9.8638,0.3241,0,0,0,0
1075,AC23,26325600A,宏利中國點心高收益債券基金-A類型(美元),USD,277295420,9111968,369.8988,12.1549,0,0,0,0
1076,AC23,26325600B,宏利中國點心高收益債券基金-B類型(美元),USD,168645046,5541701,302.1239,9.9278,0,0,0,0
1077,AC23,26325600C,宏利中國點心高收益債券基金-A類型(人民幣),CNY,428304203,95417034,369.7350,82.3691,0,0,0,0
1078,AC23,26325600D,宏利中國點心高收益債券基金-B類型(人民幣),CNY,247600466,55160099,304.2954,67.7905,0,0,0,0
1079,AC21,26389097A,宏利中國離岸債券基金-A類型(新臺幣),TWD,245970044,0,10.4348,0.0000,1,1,3000,0
1080,AC21,26389097B,宏利中國離岸債券基金-B類型(新臺幣),TWD,27363653,0,8.9863,0.0000,0,0,0,0
1081,AC21,26389097C,宏利中國離岸債券基金-A類型(人民幣),CNY,14096342,3140364,11.0977,2.4723,0,0,0,0
1082,AC21,26389097D,宏利中國離岸債券基金-B類型(人民幣),CNY,19616296,4370092,9.7587,2.1740,0,0,0,0
1083,AC21,31893103A,宏利東方明珠短期收益基金(美元),USD,30710547,1009153,327.8327,10.7726,0,0,0,0
1084,AC21,31893103B,宏利東方明珠短期收益基金(人民幣),CNY,659306631,146879444,325.2236,72.4529,0,0,0,0
1085,AF,31934358,宏利澳幣保本基金,AUD,2851378301,121936899,270.2246,11.5559,0,0,0,0
1086,AE23,38530129A,宏利全球入息動態組合基金-A類型(新臺幣),TWD,100074019,0,9.7581,0.0000,10,9,36000,0
1087,AE23,38530129B,宏利全球入息動態組合基金-B類型(新臺幣),TWD,202574968,0,8.4202,0.0000,0,0,0,0
1088,AE23,38530129C,宏利全球入息動態組合基金-A類型(美元),USD,23657776,777398,307.0752,10.0905,0,0,0,0
1089,AE23,38530129D,宏利全球入息動態組合基金-B類型(美元),USD,71739727,2357378,256.3903,8.4250,0,0,0,0
1090,AB2,38585186A,宏利亞澳入息成長平衡基金-A類型(新臺幣),TWD,21237299,0,10.1086,0.0000,4,2,15000,0
1091,AB2,38585186B,宏利亞澳入息成長平衡基金-B類型(新臺幣),TWD,12847430,0,8.8601,0.0000,0,0,0,0
1092,AB2,38585186C,宏利亞澳入息成長平衡基金-A類型(美元),USD,5026727,165179,315.0007,10.3510,0,0,0,0
1093,AB2,38585186D,宏利亞澳入息成長平衡基金-B類型(美元),USD,12026300,395186,273.4442,8.9854,0,0,0,0
1094,AB2,38585186E,宏利亞澳入息成長平衡基金-A類型(澳幣避險),AUD,1591916,68077,246.8312,10.5555,0,0,0,0
1095,AB2,38585186F,宏利亞澳入息成長平衡基金-B類型(澳幣避險),AUD,11343274,485086,206.2208,8.8189,0,0,0,0
1096,AB2,38585186G,宏利亞澳入息成長平衡基金-A類型(人民幣避險),CNY,6881,1533,2.7923,0.6221,0,0,0,0
1097,AB2,38585186H,宏利亞澳入息成長平衡基金-B類型(人民幣避險),CNY,129353,28817,8.9160,1.9863,0,0,0,0
1098,AC23,42267986A,宏利美元高收益債券基金-A類型(新臺幣),TWD,1064256735,0,10.2141,0.0000,4,1,20000,0
1099,AC23,42267986B,宏利美元高收益債券基金-B類型(新臺幣),TWD,118579505,0,9.0947,0.0000,0,0,0,0
1100,AC23,42267986C,宏利美元高收益債券基金-A類型(人民幣避險),CNY,48701870,10849737,48.2242,10.7433,0,0,0,0
1101,AC23,42267986D,宏利美元高收益債券基金-B類型(人民幣避險),CNY,21258711,4735987,42.7994,9.5348,0,0,0,0
1102,AC23,42267986E,宏利美元高收益債券基金-A類型(美元),USD,30710331,1009146,315.5896,10.3703,0,0,0,0
1103,AC23,42267986F,宏利美元高收益債券基金-B類型(美元),USD,41282043,1356534,277.3672,9.1143,0,0,0,0
1104,AC23,42267986G,宏利美元高收益債券基金-B類型(澳幣避險),AUD,17909959,765905,215.6455,9.2219,0,0,0,0
1105,AA2,42450034A,宏利全球動力股票基金(新臺幣),TWD,752568810,0,10.3700,0.0000,4,1,20000,0
1106,AA2,42450034B,宏利全球動力股票基金(人民幣),CNY,0,0,44.8900,10.0000,0,0,0,0
1107,AC21,42472699A,宏利三年到期亞洲新興債券基金A類型,USD,824439244,27091195,300.2995,9.8679,0,0,0,0
1108,AC21,42472699B,宏利三年到期亞洲新興債券基金C類型,USD,256928829,8442719,300.2452,9.8661,0,0,0,0
1109,AE22,48789982,宏利全球債券組合基金,TWD,1822125981,0,13.2520,0.0000,1,1,5000,0
1110,AA2,48916256A,宏利精選中華基金(新臺幣),TWD,1215031510,0,10.6200,0.0000,72,57,324000,0
1111,AA2,48916256B,宏利精選中華基金(人民幣避險),CNY,1130028553,251746240,10.4000,2.3200,0,0,0,0
1112,AA1,73982057,宏利臺灣股息收益基金,TWD,2965838085,0,24.7700,0.0000,133,118,547000,0
1113,AD1,83863973,宏利萬利貨幣市場基金,TWD,1283535219,0,13.6021,0.0000,0,0,0,0
1114,宏利投信,宏利投信,宏利投信,宏利投信,27610362325,,,,616,460,2951000,
1115,AD1,17141530,貝萊德新台幣基金,TWD,592713856,0,12.8999,0.0000,0,0,0,0
1116,AA1,19330712,貝萊德寶利基金,TWD,438123095,0,21.3600,0.0000,151,140,753000,0
1117,AE23,38490323,貝萊德亞美利加收益基金,TWD,458716968,0,9.3300,0.0000,0,0,0,0
1118,AC23,42320125A,貝萊德亞洲高收益債券基金－新台幣累積類型,TWD,144060375,0,10.7475,0.0000,0,0,0,0
1119,AC23,42320125B,貝萊德亞洲高收益債券基金－新台幣月配類型,TWD,670976015,0,9.6844,0.0000,0,0,0,0
1120,AC23,42320125C,貝萊德亞洲高收益債券基金－人民幣月配類型,CNY,300606335,66970738,49.8508,11.1060,0,0,0,0
1121,AC23,42320125D,貝萊德亞洲高收益債券基金－美元月配類型,USD,352746176,11589768,317.5598,10.4337,0,0,0,0
1122,AA2,42367768A,貝萊德亞太全方位股票入息基金-新台幣累積類型,TWD,46216232,0,10.9900,0.0000,0,0,0,0
1123,AA2,42367768B,貝萊德亞太全方位股票入息基金-新台幣月配類型,TWD,128834367,0,10.1000,0.0000,0,0,0,0
1124,AA2,42367768C,貝萊德亞太全方位股票入息基金-人民幣月配類型,CNY,47162684,10505458,51.8700,11.5500,0,0,0,0
1125,AA2,42367768D,貝萊德亞太全方位股票入息基金-美元月配類型,USD,141517614,4649678,342.2300,11.2400,0,0,0,0
1126,AE23,42454931A,貝萊德全球多元因子ETF組合基金－累積類型（新台幣),TWD,2869591859,0,10.0200,0.0000,0,0,0,0
1127,AE23,42454931B,貝萊德全球多元因子ETF組合基金－累積類型（人民幣）,CNY,280832269,62565362,46.0600,10.2600,0,0,0,0
1128,AE23,42454931C,貝萊德全球多元因子ETF組合基金－累積類型（美元）,USD,631361702,20743912,319.4500,10.5000,0,0,0,0
1129,貝萊德投信,貝萊德投信,貝萊德投信,貝萊德投信,7103459547,,,,151,140,753000,
1130,AA1,00968493,野村鴻運基金,TWD,537398978,0,20.8600,0.0000,253,192,1161000,0
1131,AB1,00971103,野村鴻利基金,TWD,515519308,0,20.3300,0.0000,301,275,1331000,0
1132,AA1,00988316,野村台灣運籌基金,TWD,485514726,0,33.3000,0.0000,784,583,3967000,0
1133,AD1,01013051,野村鴻揚貨幣市場基金,TWD,986710229,0,16.8175,0.0000,0,0,0,0
1134,AA2,01021518A,野村環球基金-新臺幣計價,TWD,3125580482,0,14.2000,0.0000,1247,1054,5351000,0
1135,AA2,01021518B,野村環球基金-人民幣計價,CNY,14935406,3327392,57.5800,12.8300,0,0,0,0
1136,AA2,01021518C,野村環球基金-美元計價,USD,953669,31334,312.8363,10.2800,0,0,0,0
1137,AA1,01031564,野村積極成長基金,TWD,425694161,0,11.9200,0.0000,480,439,2208000,0
1138,AA2,10306986,野村新興傘型基金之中東非洲基金,TWD,202006229,0,8.4700,0.0000,261,209,1043000,0
1139,AA2,10306992,野村新興傘型基金之大俄羅斯基金,TWD,1708605020,0,6.5200,0.0000,2184,1419,11653500,0
1140,AA2,14697373,野村全球品牌基金,TWD,2123326912,0,22.6300,0.0000,1653,1385,7269000,0
1141,AA1,17146752,野村成長基金,TWD,631481231,0,28.3800,0.0000,735,612,3284000,0
1142,AA1,17600534,野村高科技基金,TWD,828052810,0,8.8500,0.0000,618,534,2649000,0
1143,AB1,17602250,野村平衡基金,TWD,504266243,0,17.7300,0.0000,394,374,1882000,0
1144,AA1,18037937,野村ｅ科技基金,TWD,790706604,0,17.2300,0.0000,597,492,2585000,0
1145,AD1,18479285,野村精選貨幣市場基金,TWD,747584662,0,12.0463,0.0000,0,0,0,0
1146,AA1,18488469,野村中小基金,TWD,2089019988,0,39.6900,0.0000,2396,1784,11756000,0
1147,AA1,19330754,野村優質基金,TWD,2717202247,0,33.9900,0.0000,2858,2317,13110000,0
1148,AA2,20089404,野村泰國基金,TWD,1389931140,0,36.2300,0.0000,1682,1309,7614000,0
1149,AG,21758780A,野村全球不動產證券化基金累積型新臺幣計價,TWD,633962722,0,12.9500,0.0000,345,279,1343500,0
1150,AG,21758780B,野村全球不動產證券化基金月配型新臺幣計價,TWD,63316729,0,9.3500,0.0000,31,27,337000,0
1151,AG,21758780C,野村全球不動產證券化基金-累積類型人民幣計價,CNY,2406429,536118,48.1320,10.7200,0,0,0,0
1152,AG,21758780D,野村全球不動產證券化基金-月配類型人民幣計價,CNY,8779364,1955915,44.9146,10.0100,0,0,0,0
1153,AA2,25530596,野村中國機會基金,TWD,1174375255,0,12.1100,0.0000,1725,1222,8473000,0
1154,AC21,25624144A,野村全球美元投資級公司債基金-累積型新臺幣計價,TWD,256257033,0,11.2193,0.0000,42,36,158000,0
1155,AC21,25624144B,野村全球美元投資級公司債基金-月配型新臺幣計價,TWD,107886146,0,8.4183,0.0000,22,16,334000,0
1156,AC21,25624144C,野村全球美元投資級公司債基金-累積類型人民幣計價,CNY,2259368,503354,50.7737,11.3116,0,0,0,0
1157,AC21,25624144D,野村全球美元投資級公司債基金-月配類型人民幣計價,CNY,0,0,46.8383,10.4349,0,0,0,0
1158,AA2,25652008,野村巴西基金,TWD,1117574156,0,5.1500,0.0000,2052,1030,10487000,0
1159,AE22,26204964A,野村新興高收益債組合基金-累積型,TWD,122192762,0,11.8065,0.0000,63,52,247000,0
1160,AE22,26204964B,野村新興高收益債組合基金-月配型,TWD,296905548,0,8.4224,0.0000,44,37,516000,0
1161,AA2,26278374,野村雙印傘型基金之印度潛力基金,TWD,420208649,0,12.5200,0.0000,1430,978,7089000,0
1162,AA2,26278389,野村雙印傘型基金之印尼潛力基金,TWD,388120414,0,10.5800,0.0000,902,708,4325000,0
1163,AC23,26310557A,野村亞太複合高收益債基金-累積型新臺幣計價,TWD,2776220042,0,13.4529,0.0000,237,183,1429000,0
1164,AC23,26310557B,野村亞太複合高收益債基金-月配型新臺幣計價,TWD,2277538744,0,9.4987,0.0000,217,157,3483000,0
1165,AC23,26310557C,野村亞太複合高收益債基金-累積類型人民幣計價,CNY,225169289,50164457,54.8851,12.2276,0,0,0,0
1166,AC23,26310557D,野村亞太複合高收益債基金-月配類型人民幣計價,CNY,630486736,140463314,45.2114,10.0724,0,0,0,0
1167,AC23,26310557E,野村亞太複合高收益債基金-累積類型美元計價,USD,57595996,1892364,310.2073,10.1921,0,0,0,0
1168,AC23,26310557F,野村亞太複合高收益債基金-月配類型美元計價,USD,5407828,177679,305.5396,10.0388,0,0,0,0
1169,AC23,38480612A,野村環球高收益債基金-累積類型新臺幣計價,TWD,502015352,0,10.2750,0.0000,118,93,507000,0
1170,AC23,38480612B,野村環球高收益債基金-月配類型新臺幣計價,TWD,1943611421,0,8.2256,0.0000,125,99,1578000,0
1171,AC23,38480612C,野村環球高收益債基金-累積類型美元計價,USD,38188205,1254705,310.4230,10.1992,0,0,0,0
1172,AC23,38480612D,野村環球高收益債基金-月配類型美元計價,USD,136239016,4476246,249.1560,8.1862,0,0,0,0
1173,AC23,38480612E,野村環球高收益債基金-累積類型人民幣計價,CNY,28316391,6308482,49.6387,11.0588,0,0,0,0
1174,AC23,38480612F,野村環球高收益債基金-月配類型人民幣計價,CNY,546856699,121831752,39.8254,8.8725,0,0,0,0
1175,AA2,38620711A,野村歐洲中小成長基金-新臺幣計價,TWD,838628659,0,10.3500,0.0000,586,389,2899000,0
1176,AA2,38620711B,野村歐洲中小成長基金-美元計價,USD,44199562,1452213,326.9087,10.7400,0,0,0,0
1177,AA2,38620711C,野村歐洲中小成長基金-人民幣計價,CNY,45751827,10192844,50.9999,11.3600,0,0,0,0
1178,AB2,38653661A,野村多元資產動態平衡基金-累積類型新臺幣計價,TWD,280799483,0,10.1627,0.0000,97,77,437000,0
1179,AB2,38653661B,野村多元資產動態平衡基金-月配類型新臺幣計價,TWD,250603667,0,9.4900,0.0000,22,20,260000,0
1180,AB2,38653661C,野村多元資產動態平衡基金-累積類型美元計價,USD,70632220,2320680,313.2378,10.2917,0,0,0,0
1181,AB2,38653661D,野村多元資產動態平衡基金-月配類型美元計價,USD,129131999,4242739,292.3413,9.6051,0,0,0,0
1182,AB2,38653661E,野村多元資產動態平衡基金-累積類型人民幣計價,CNY,40401151,9000791,49.8284,11.1010,0,0,0,0
1183,AB2,38653661F,野村多元資產動態平衡基金-月配類型人民幣計價,CNY,51998895,11584601,45.5744,10.1533,0,0,0,0
1184,AB2,38653661G,野村多元資產動態平衡基金-累積類型澳幣計價,AUD,30034677,1283410,242.0758,10.3441,0,0,0,0
1185,AB2,38653661H,野村多元資產動態平衡基金-月配類型澳幣計價,AUD,26607639,1136970,222.6546,9.5142,0,0,0,0
1186,AB2,38653661I,野村多元資產動態平衡基金-累積類型南非幣計價,ZAR,27199289,11684005,27.3337,11.7417,0,0,0,0
1187,AB2,38653661J,野村多元資產動態平衡基金-月配類型南非幣計價,ZAR,28662873,12312717,23.9352,10.2819,0,0,0,0
1188,AC23,42313341A,野村美利堅高收益債基金-累積類型新臺幣計價,TWD,1659494534,0,11.0096,0.0000,71,49,898000,0
1189,AC23,42313341B,野村美利堅高收益債基金-月配類型新臺幣計價,TWD,783157644,0,10.0739,0.0000,93,60,2152000,0
1190,AC23,42313341C,野村美利堅高收益債基金-月配類型美元計價,USD,293696704,9649649,316.6372,10.4034,0,0,0,0
1191,AC23,42313341D,野村美利堅高收益債基金-月配類型人民幣計價,CNY,134486335,29961608,48.1057,10.7173,0,0,0,0
1192,AA2,42333108,野村日本領先基金,TWD,636707616,0,10.8900,0.0000,749,582,3428000,0
1193,AC21,42382347A,野村全球短期收益基金-新臺幣計價,TWD,3297489942,0,10.3982,0.0000,98,34,648000,0
1194,AC21,42382347B,野村全球短期收益基金-美元計價,USD,528492813,17364069,316.5810,10.4015,0,0,0,0
1195,AB2,42391084A,野村多元收益平衡基金-累積類型新臺幣計價,TWD,434968531,0,10.0419,0.0000,71,57,346000,0
1196,AB2,42391084B,野村多元收益平衡基金-月配類型新臺幣計價,TWD,800721333,0,9.4935,0.0000,118,75,2065000,0
1197,AB2,42391084C,野村多元收益平衡基金-累積類型美元計價,USD,151217501,4968376,316.9057,10.4122,0,0,0,0
1198,AB2,42391084D,野村多元收益平衡基金-月配類型美元計價,USD,1151684087,37839535,299.9632,9.8555,0,0,0,0
1199,AB2,42391084E,野村多元收益平衡基金-累積類型人民幣計價,CNY,54260014,12088345,48.2225,10.7433,0,0,0,0
1200,AB2,42391084F,野村多元收益平衡基金-月配類型人民幣計價,CNY,396332620,88297168,45.2635,10.0840,0,0,0,0
1201,AB2,42451370A,野村多元核心配置平衡基金-新臺幣計價,TWD,393900456,0,10.1016,0.0000,8,7,28000,0
1202,AB2,42451370B,野村多元核心配置平衡基金-美元計價,USD,62300554,2046936,314.7975,10.3429,0,0,0,0
1203,AB2,42451370C,野村多元核心配置平衡基金-人民幣計價,CNY,7947599,1770610,47.6840,10.6233,0,0,0,0
1204,AC21,42519049A,野村亞太新興債券基金-累積類型新臺幣計價,TWD,430564792,0,10.0011,0.0000,0,0,0,0
1205,AC21,42519049B,野村亞太新興債券基金-月配類型新臺幣計價,TWD,223402385,0,10.0011,0.0000,0,0,0,0
1206,AC21,42519049C,野村亞太新興債券基金-累積類型美元計價,USD,1067688001,35079774,303.6477,9.9766,0,0,0,0
1207,AC21,42519049D,野村亞太新興債券基金-月配類型美元計價,USD,539785561,17735102,303.6477,9.9766,0,0,0,0
1208,AC21,42519049E,野村亞太新興債券基金-累積類型人民幣計價,CNY,315488454,70286258,44.7264,9.9644,0,0,0,0
1209,AC21,42519049F,野村亞太新興債券基金-月配類型人民幣計價,CNY,187016733,41664620,44.7264,9.9644,0,0,0,0
1210,AA2,48745964A,野村亞太高股息基金累積型新臺幣計價,TWD,1784755650,0,12.4000,0.0000,693,592,2864000,0
1211,AA2,48745964B,野村亞太高股息基金季配型新臺幣計價,TWD,33960239,0,9.2500,0.0000,22,17,222000,0
1212,AA2,48745964C,野村亞太高股息基金-累積型人民幣計價,CNY,0,0,48.4300,10.7900,0,0,0,0
1213,AA2,48745964D,野村亞太高股息基金-季配型人民幣計價,CNY,0,0,48.3000,10.7600,0,0,0,0
1214,AA2,48844514,野村全球生技醫療基金,TWD,2127538768,0,16.7200,0.0000,2692,2011,12117000,0
1215,AA2,48968900,野村全球氣候變遷基金,TWD,374947943,0,7.5900,0.0000,201,163,825000,0
1216,AA2,92017008,野村新馬基金,TWD,571470718,0,14.8800,0.0000,899,768,3956000,0
1217,AD1,92024520,野村貨幣市場基金,TWD,17228209916,0,16.1911,0.0000,0,0,0,0
1218,AA2,94988015A,野村全球高股息基金累積型新臺幣計價,TWD,1221306487,0,17.3000,0.0000,406,353,1664000,0
1219,AA2,94988015B,野村全球高股息基金季配型新臺幣計價,TWD,47062276,0,12.3200,0.0000,14,9,142000,0
1220,AA2,94988015C,野村全球高股息基金-累積類型人民幣計價,CNY,679163,151308,48.5155,10.8100,0,0,0,0
1221,AA2,94988015D,野村全球高股息基金-季配類型人民幣計價,CNY,9335200,2079747,46.9295,10.4600,0,0,0,0
1222,AE22,99035229,野村鑫全球債券組合基金,TWD,414448441,0,13.3805,0.0000,68,63,336000,0
1223,AE23,99364447,野村鑫平衡組合基金,TWD,573805685,0,13.4900,0.0000,84,76,343000,0
1224,AA1,99973878,野村台灣高股息基金,TWD,582580947,0,21.1900,0.0000,596,487,2777000,0
1225,AA2,99975165A,野村歐洲高股息基金累積型,TWD,524453218,0,11.5700,0.0000,317,259,1324000,0
1226,AA2,99975165B,野村歐洲高股息基金季配型,TWD,29820823,0,8.4000,0.0000,13,10,130000,0
1227,野村投信,野村投信,野村投信,野村投信,74526211963,,,,31714,24053,157031000,
1228,AE22,13984587,聯邦優勢策略全球債券組合基金,TWD,661721032,0,16.2598,0.0000,14,14,97000,0
1229,AD1,17144332,聯邦貨幣市場基金,TWD,20849115713,0,13.1044,0.0000,0,0,0,0
1230,AA1,17597236,聯邦精選科技基金,TWD,156651223,0,10.3900,0.0000,45,42,248000,0
1231,AA1,18496290,聯邦中國龍基金,TWD,128901939,0,20.8800,0.0000,43,35,227000,0
1232,AC21,31887600A,聯邦双囍新興亞洲債券基金A,TWD,429475292,0,11.4274,0.0000,1,1,3000,0
1233,AC21,31887600B,聯邦双囍新興亞洲債券基金B,TWD,672412900,0,9.3349,0.0000,1,1,10000,0
1234,AC21,31887600C,聯邦双囍新興亞洲債券基金C,CNY,19590999,4364591,52.7004,11.7409,0,0,0,0
1235,AC21,31887600D,聯邦双囍新興亞洲債券基金D,CNY,36560494,8145149,49.2296,10.9676,0,0,0,0
1236,AC23,31998423A,聯邦新興資源豐富國家高收益債券基金A,TWD,111529199,0,10.9644,0.0000,6,4,22000,0
1237,AC23,31998423B,聯邦新興資源豐富國家高收益債券基金B,TWD,227240874,0,8.8832,0.0000,1,1,10000,0
1238,AB2,38546327A,聯邦環太平洋平衡基金-A類型(新臺幣),TWD,130646151,0,11.3696,0.0000,5,4,74000,0
1239,AB2,38546327B,聯邦環太平洋平衡基金-B類型(新臺幣),TWD,52384447,0,11.0437,0.0000,1,1,10000,0
1240,AB2,38546327C,聯邦環太平洋平衡基金-A類型(人民幣避險),CNY,1793369,399537,52.5147,11.6995,0,0,0,0
1241,AE24,42308380A,聯邦全球多元ETF組合基金(新臺幣),TWD,228649588,0,9.9942,0.0000,4,4,16000,0
1242,AE24,42308380B,聯邦全球多元ETF組合基金(美元),USD,46527003,1528683,306.1854,10.0600,0,0,0,0
1243,AC23,42386420A,聯邦永騰亞洲高收益債券基金-A類型(新臺幣),TWD,245454530,0,10.3227,0.0000,7,4,33000,0
1244,AC23,42386420B,聯邦永騰亞洲高收益債券基金-B類型(新臺幣),TWD,381461928,0,9.6709,0.0000,3,3,30000,0
1245,AC23,42386420C,聯邦永騰亞洲高收益債券基金-A類型(人民幣避險),CNY,17881561,3983753,52.3938,11.6726,0,0,0,0
1246,AC23,42386420D,聯邦永騰亞洲高收益債券基金-B類型(人民幣避險),CNY,44084373,9821360,49.1410,10.9479,0,0,0,0
1247,AC23,42386420E,聯邦永騰亞洲高收益債券基金-A類型(美元),USD,26235524,861990,332.8939,10.9375,0,0,0,0
1248,AC23,42386420F,聯邦永騰亞洲高收益債券基金-B類型(美元),USD,104131175,3421316,311.9035,10.2478,0,0,0,0
1249,AB2,42449712A,聯邦全視界平衡基金-A類型(新臺幣),TWD,211432807,0,10.2590,0.0000,6,3,18000,0
1250,AB2,42449712B,聯邦全視界平衡基金-B類型(新臺幣),TWD,190546227,0,10.1244,0.0000,0,0,0,0
1251,AB2,42449712C,聯邦全視界平衡基金-A類型(人民幣避險),CNY,17220366,3836448,50.4483,11.2392,0,0,0,0
1252,AB2,42449712D,聯邦全視界平衡基金-B類型(人民幣避險),CNY,30662869,6831243,49.8117,11.0973,0,0,0,0
1253,AB2,42449712E,聯邦全視界平衡基金-A類型(美元),USD,26834734,881677,338.5154,11.1222,0,0,0,0
1254,AB2,42449712F,聯邦全視界平衡基金-B類型(美元),USD,21005857,690165,334.2570,10.9823,0,0,0,0
1255,AB1,98669575,聯邦金鑽平衡基金,TWD,157432008,0,19.7336,0.0000,19,16,163000,0
1256,聯邦投信,聯邦投信,聯邦投信,聯邦投信,25227584182,,,,156,133,961000,
1257,AA1,10341251,未來資產台灣新趨勢基金,TWD,43226984,0,14.8800,0.0000,33,29,129500,0
1258,AA1,17597600,未來資產阿波羅基金,TWD,280482467,0,9.1500,0.0000,127,104,555000,0
1259,AD1,18035966,未來資產所羅門貨幣市場基金,TWD,3055167453,0,12.5136,0.0000,0,0,0,0
1260,AC23,26299194A,未來資產亞洲高收益債券基金A,TWD,246276027,0,12.2305,0.0000,7,7,23000,0
1261,AC23,26299194B,未來資產亞洲高收益債券基金B,TWD,13247853,0,10.4640,0.0000,2,2,20000,0
1262,AA2,26378535,未來資產亞洲新富基金,TWD,129419252,0,17.6800,0.0000,102,80,448000,0
1263,AC21,31939614A,未來資產新興市場債券基金A,TWD,98924169,0,9.2074,0.0000,2,2,6000,0
1264,AC21,31939614B,未來資產新興市場債券基金B,TWD,70992019,0,7.5110,0.0000,0,0,0,0
1265,AA2,31971888,未來資產全球大消費基金,TWD,67356287,0,12.6000,0.0000,37,27,150000,0
1266,AG,48925184A,未來資產亞太不動產證券化基金A,TWD,116818831,0,9.2600,0.0000,16,12,59500,0
1267,AG,48925184B,未來資產亞太不動產證券化基金B,TWD,24428079,0,8.1500,0.0000,1,1,10000,0
1268,AE23,99645003,未來資產閣來寶全球組合基金,TWD,75967745,0,11.5100,0.0000,29,27,114000,0
1269,未來資產投信,未來資產投信,未來資產投信,未來資產投信,4222307166,,,,356,291,1515000,
1270,AE22,10350645A,安聯四季回報債券組合基金-新臺幣,TWD,8537687787,0,15.2793,0.0000,277,218,1316000,0
1271,AE22,10350645B,安聯四季回報債券組合基金-美元,USD,74450688,2446139,307.6288,10.1074,0,0,0,0
1272,AA2,14693593A,安聯全球生技趨勢基金-新臺幣,TWD,5456904273,0,35.3200,0.0000,2724,1903,13647000,0
1273,AA2,14693593B,安聯全球生技趨勢基金-美元,USD,217477961,7145419,289.1400,9.5000,0,0,0,0
1274,AA1,17604124,安聯台灣大壩基金,TWD,2682949526,0,20.4500,0.0000,2424,1679,13327000,0
1275,AD1,18033003,安聯台灣貨幣市場基金,TWD,11410289211,0,12.4309,0.0000,0,0,0,0
1276,AA1,18480065,安聯台灣科技基金,TWD,2885019082,0,33.2600,0.0000,2056,1280,13964000,0
1277,AA2,25589337,安聯中國策略基金,TWD,1984764499,0,13.5100,0.0000,839,529,4114000,0
1278,AA2,25627819,安聯全球油礦金趨勢基金,TWD,1714152419,0,7.5000,0.0000,1339,899,7068000,0
1279,AA2,25680150,安聯中國東協基金,TWD,2397501422,0,14.4300,0.0000,1549,1063,7684000,0
1280,AE22,26398976A,安聯四季豐收債券組合基金-A類型(累積)-新臺幣,TWD,4418929549,0,12.4134,0.0000,193,147,2003000,0
1281,AE22,26398976B,安聯四季豐收債券組合基金-B類型(月配息)-新臺幣,TWD,11549568819,0,9.6768,0.0000,220,168,1581000,0
1282,AE22,26398976C,安聯四季豐收債券組合基金-A類型(累積)-人民幣,CNY,189315427,42164295,53.5965,11.9370,0,0,0,0
1283,AE22,26398976D,安聯四季豐收債券組合基金-B類型(月配息)-人民幣,CNY,1055155026,235003922,45.1841,10.0634,0,0,0,0
1284,AE22,26398976E,安聯四季豐收債券組合基金-B類型(月配息)-美元,USD,78085549,2565565,300.3790,9.8692,0,0,0,0
1285,AE22,26398976F,安聯四季豐收債券組合基金-A類型(累積)-美元,USD,41807421,1373617,308.1310,10.1239,0,0,0,0
1286,AE23,38481149A,安聯四季雙收入息組合基金-A類型(累積)-新臺幣,TWD,1134299247,0,10.8500,0.0000,238,181,973000,0
1287,AE23,38481149B,安聯四季雙收入息組合基金-B類型(月配息)-新臺幣,TWD,968634216,0,9.5200,0.0000,82,68,315000,0
1288,AE23,38481149C,安聯四季雙收入息組合基金-A類型(累積)-美元,USD,21196627,696433,336.6200,11.0600,0,0,0,0
1289,AE23,38481149D,安聯四季雙收入息組合基金-B類型(月配息)-美元,USD,45559831,1496906,312.8800,10.2800,0,0,0,0
1290,AE23,38481149E,安聯四季雙收入息組合基金-B類型(月配息)-人民幣,CNY,20239179,4507666,48.8100,10.8700,0,0,0,0
1291,AE21,38552137A,安聯四季成長組合基金-新臺幣,TWD,378987135,0,10.4600,0.0000,403,289,1767000,0
1292,AE21,38552137B,安聯四季成長組合基金-美元,USD,170162303,5590823,314.7100,10.3400,0,0,0,0
1293,AE23,38647774A,安聯目標收益基金-A類型(累積)-新臺幣,TWD,662708742,0,10.6247,0.0000,107,70,517000,0
1294,AE23,38647774B,安聯目標收益基金-B類型(月配息)-新臺幣,TWD,1032757683,0,9.0638,0.0000,183,134,2125000,0
1295,AE23,38647774C,安聯目標收益基金-A類型(累積)-美元,USD,138758305,4559019,331.0828,10.8780,0,0,0,0
1296,AE23,38647774D,安聯目標收益基金-B類型(月配息)-美元,USD,220834875,7255713,283.0944,9.3013,0,0,0,0
1297,AE23,38647774E,安聯目標收益基金-A類型(累積)-人民幣,CNY,89890188,20020325,52.4408,11.6796,0,0,0,0
1298,AE23,38647774F,安聯目標收益基金-B類型(月配息)-人民幣,CNY,628279103,139930200,42.9490,9.5656,0,0,0,0
1299,AD2,42304758A,安聯人民幣貨幣市場基金-新臺幣,TWD,517144155,0,9.4701,0.0000,0,0,0,0
1300,AD2,42304758B,安聯人民幣貨幣市場基金-人民幣,CNY,206489997,45989412,47.8283,10.6523,0,0,0,0
1301,AD2,42304758C,安聯人民幣貨幣市場基金-美元,USD,11703661,384533,295.9962,9.7252,0,0,0,0
1302,AA2,42319470A,安聯中華新思路基金-新臺幣,TWD,1111644194,0,10.9600,0.0000,305,181,1932000,0
1303,AA2,42319470B,安聯中華新思路基金-人民幣,CNY,27743134,6178945,56.2100,12.5200,0,0,0,0
1304,AA2,42319470C,安聯中華新思路基金-美元,USD,44661513,1467391,360.3600,11.8400,0,0,0,0
1305,AE23,42386553A,安聯目標多元入息基金-A類型(累積)-新臺幣,TWD,396726116,0,10.3900,0.0000,53,42,212000,0
1306,AE23,42386553B,安聯目標多元入息基金-B類型(月配息)-新臺幣,TWD,437891556,0,9.8400,0.0000,77,52,369000,0
1307,AE23,42386553C,安聯目標多元入息基金-A類型(累積)-美元,USD,42458993,1395025,336.3200,11.0500,0,0,0,0
1308,AE23,42386553D,安聯目標多元入息基金-B類型(月配息)-美元,USD,35179302,1155845,317.7500,10.4400,0,0,0,0
1309,AE24,42483540A,安聯DMAS全球傘型基金之安聯DMAS核心組合基金-新臺幣,TWD,1739248805,0,10.0700,0.0000,92,61,488000,0
1310,AE24,42483540B,安聯DMAS全球傘型基金之安聯DMAS核心組合基金-美元,USD,1202788923,39518627,303.7500,9.9800,0,0,0,0
1311,AE23,42483555A,安聯DMAS全球傘型基金之安聯DMAS 50組合基金-新臺幣,TWD,1016948286,0,10.0900,0.0000,121,81,597000,0
1312,AE23,42483555B,安聯DMAS全球傘型基金之安聯DMAS 50組合基金-美元,USD,609887046,20038344,304.0600,9.9900,0,0,0,0
1313,AB2,48738909,安聯全球計量平衡基金,TWD,446961406,0,12.0700,0.0000,82,74,339000,0
1314,AA2,48806595,安聯全球綠能趨勢基金,TWD,9501513343,0,8.6600,0.0000,2025,1687,8397000,0
1315,AA2,48937267,安聯全球人口趨勢基金,TWD,1324637089,0,10.3700,0.0000,252,215,1042000,0
1316,AA2,48981946,安聯全球農金趨勢基金,TWD,3811765556,0,8.9400,0.0000,2494,1883,10188000,0
1317,AA1,48997911,安聯台灣智慧基金,TWD,573880932,0,23.3700,0.0000,757,521,3401000,0
1318,AC21,98669250A,安聯全球債券基金-A類型(累積),TWD,637787059,0,12.2091,0.0000,28,21,124000,0
1319,AC21,98669250B,安聯全球債券基金-B類型(月配息),TWD,57822612,0,10.8404,0.0000,17,15,139000,0
1320,AA2,99337168,安聯亞洲動態策略基金,TWD,1485119933,0,22.6600,0.0000,668,476,3592000,0
1321,AA2,99978472,安聯全球新興市場基金,TWD,2600527731,0,16.5000,0.0000,684,544,3129000,0
1322,安聯投信,安聯投信,安聯投信,安聯投信,88046897435,,,,20289,14481,104350000,
1323,AA1,01031874,國泰小龍基金,TWD,8343814713,0,14.8700,0.0000,13139,9578,47887500,0
1324,AA1,14705562,國泰科技生化基金,TWD,1993920152,0,33.4000,0.0000,3701,2838,13491000,0
1325,AA1,17612497,國泰國泰基金,TWD,2933497519,0,21.5500,0.0000,5919,4476,25321000,0
1326,AA1,18031960,國泰高科技基金,TWD,225244480,0,11.1100,0.0000,2204,1491,9771000,0
1327,AD1,18034853,國泰台灣貨幣市場基金,TWD,37850351616,0,12.3650,0.0000,186,141,1469000,0
1328,AA1,18043059,國泰中小成長基金,TWD,3368191770,0,41.4900,0.0000,16839,12839,69086000,0
1329,AB1,18494624,國泰平衡基金,TWD,445235289,0,25.0100,0.0000,831,705,3210000,0
1330,AA1,19291128,國泰大中華基金,TWD,5374329881,0,20.2400,0.0000,3337,2689,11462000,0
1331,AA2,25621998A,國泰中港台基金台幣級別,TWD,3852221849,0,14.7700,0.0000,7538,4684,31107000,0
1332,AA2,25621998B,國泰中港台基金美元級別,USD,302144185,9927198,14.8201,0.4869,0,0,0,0
1333,AE22,25681952,國泰豐益債券組合基金,TWD,767224315,0,12.2370,0.0000,304,250,993000,0
1334,AA2,26203542A,國泰新興市場基金台幣級別,TWD,457218271,0,10.8400,0.0000,1846,1256,6635000,0
1335,AA2,26203542B,國泰新興市場基金美元級別,USD,0,0,10.8413,0.3562,0,0,0,0
1336,AA2,26273455A,國泰全球資源基金台幣級別,TWD,648620063,0,5.4400,0.0000,1519,967,5558000,0
1337,AA2,26273455B,國泰全球資源基金美元級別,USD,0,0,5.4389,0.1787,0,0,0,0
1338,AA2,26317735A,國泰中國內需增長基金台幣級別,TWD,2305690814,0,17.1900,0.0000,5473,3051,22821000,0
1339,AA2,26317735B,國泰中國內需增長基金美元級別,USD,407947678,13403459,18.7721,0.6168,0,0,0,0
1340,AA2,26317735C,國泰中國內需增長基金美元I級別,USD,445512561,14637684,19.4781,0.6400,0,0,0,0
1341,AC23,26331835A,國泰新興高收益債券基金(新台幣)-不配息A,TWD,656537515,0,10.7724,0.0000,168,133,628000,0
1342,AC23,26331835B,國泰新興高收益債券基金(新台幣)-配息B,TWD,4764343620,0,7.4695,0.0000,0,0,0,0
1343,AC23,26331835C,國泰新興高收益債券基金(美元)-不配息A,USD,98882239,3248858,10.4774,0.3442,0,0,0,0
1344,AC23,26331835D,國泰新興高收益債券基金(美元)-配息B,USD,28064188,922072,7.4435,0.2446,0,0,0,0
1345,AC23,26331835E,國泰新興高收益債券基金(人民幣)-不配息A,CNY,11064224,2465058,10.1576,2.2631,0,0,0,0
1346,AC23,26331835F,國泰新興高收益債券基金(人民幣)-配息B,CNY,17417644,3880571,7.1616,1.5956,0,0,0,0
1347,AC23,26331835G,國泰新興高收益債券基金(美元)-不配息I,USD,304495862,10004464,11.0825,0.3641,0,0,0,0
1348,AA2,31821137A,國泰中國新興戰略基金台幣級別,TWD,4934776589,0,19.1700,0.0000,10570,5629,44179000,0
1349,AA2,31821137B,國泰中國新興戰略基金美元級別,USD,344564713,11320959,19.0143,0.6247,0,0,0,0
1350,AA1,31837449,國泰價值卓越基金,TWD,620733284,0,12.5300,0.0000,2707,1847,7085000,0
1351,AF,31894665,國泰紐幣保本基金,NZD,1795180621,80444808,266.2099,11.9293,0,0,0,0
1352,AC23,31913488A,國泰策略高收益債券基金-台幣級別A(不配息型),TWD,157818703,0,10.8543,0.0000,79,63,629000,0
1353,AC23,31913488B,國泰策略高收益債券基金-台幣級別B(配息型),TWD,377418083,0,8.3483,0.0000,0,0,0,0
1354,AC23,31913488C,國泰策略高收益債券基金-美金級別A(不配息型),USD,19557825,642589,10.9337,0.3592,0,0,0,0
1355,AC23,31913488D,國泰策略高收益債券基金-美金級別B(配息型),USD,0,0,8.3486,0.2743,0,0,0,0
1356,AF,31939641,國泰紐幣八年期保本基金,NZD,1248248733,55935948,264.3695,11.8468,0,0,0,0
1357,AD2,38482908A,國泰中國傘型基金之人民幣貨幣市場基金人民幣級別,CNY,815787148,181753584,49.7214,11.0777,0,0,0,0
1358,AD2,38482908B,國泰中國傘型基金之人民幣貨幣市場基金美元級別,USD,94869768,3117025,49.6489,1.6313,0,0,0,0
1359,AC21,38482914A,國泰中國傘型基金之中國新興債券基金台幣級別,TWD,1356693976,0,9.8953,0.0000,128,91,867000,0
1360,AC21,38482914B,國泰中國傘型基金之中國新興債券基金美元級別,USD,22794927,748946,10.0276,0.3295,0,0,0,0
1361,AF,38582836,國泰紐幣2021保本基金,NZD,1157847592,51884933,258.4074,11.5796,0,0,0,0
1362,AB2,38582842A,國泰收益傘型基金之全球多重收益平衡基金-新台幣A(不配息型),TWD,321969379,0,10.5500,0.0000,140,108,511000,0
1363,AB2,38582842B,國泰收益傘型基金之全球多重收益平衡基金-新台幣B(配息型),TWD,195643668,0,9.6700,0.0000,0,0,0,0
1364,AB2,38582842C,國泰收益傘型基金之全球多重收益平衡基金-美元A(不配息型),USD,54939551,1805084,11.7458,0.3859,0,0,0,0
1365,AB2,38582842D,國泰收益傘型基金之全球多重收益平衡基金-美元B(配息型),USD,75298416,2473992,10.9292,0.3591,0,0,0,0
1366,AB2,38582842E,國泰收益傘型基金之全球多重收益平衡基金-美元I(不配息型),USD,16295583474,535404898,12.2743,0.4033,0,0,0,0
1367,AB2,38582842F,國泰收益傘型基金之全球多重收益平衡基金-澳幣A(不配息型),AUD,0,0,10.5493,0.4509,0,0,0,0
1368,AA2,38600412A,國泰亞洲成長基金台幣級別,TWD,464974562,0,10.3600,0.0000,855,501,3588000,0
1369,AA2,38600412B,國泰亞洲成長基金美元級別,USD,9239217,303562,10.7061,0.3518,0,0,0,0
1370,AH2,42260528,國泰富時中國A50基金,TWD,4559678331,0,18.0600,0.0000,0,0,0,0
1371,AA2,42305546A,國泰歐洲精選基金-台幣級別,TWD,372280724,0,10.5500,0.0000,726,457,3425000,0
1372,AA2,42305546B,國泰歐洲精選基金-美元級別,USD,2740752472,90049694,11.0965,0.3646,0,0,0,0
1373,AC23,42313481A,國泰中國高收益債券基金-TWD(A)不分配,TWD,228115847,0,9.8744,0.0000,59,26,196000,0
1374,AC23,42313481B,國泰中國高收益債券基金-TWD(B)分配,TWD,174472690,0,8.9814,0.0000,0,0,0,0
1375,AC23,42313481C,國泰中國高收益債券基金-USD(A)不分配,USD,28085854,922784,9.8272,0.3229,0,0,0,0
1376,AC23,42313481D,國泰中國高收益債券基金-CNY(A)不分配,CNY,64774352,14431426,9.9654,2.2202,0,0,0,0
1377,AB2,42331684A,國泰亞太入息平衡基金-台幣級別A(不配息型),TWD,236572784,0,10.9804,0.0000,174,136,853000,0
1378,AB2,42331684B,國泰亞太入息平衡基金-台幣級別B(配息型),TWD,125196310,0,10.4493,0.0000,0,0,0,0
1379,AB2,42331684C,國泰亞太入息平衡基金-美金級別A(不配息型),USD,107860479,3543845,10.8740,0.3573,0,0,0,0
1380,AB2,42331684D,國泰亞太入息平衡基金-美金級別B(配息型),USD,70394079,2312856,10.3490,0.3400,0,0,0,0
1381,AB2,42331684E,國泰亞太入息平衡基金-人民幣級別A(不配息型),CNY,71119300,15845051,10.8368,2.4144,0,0,0,0
1382,AB2,42331684F,國泰亞太入息平衡基金-澳幣級別A(不配息型),AUD,20922156,894256,10.8586,0.4641,0,0,0,0
1383,AH2,42385127,國泰A50傘型基金之富時中國A50單日反向1倍基金,TWD,112217318,0,15.2500,0.0000,0,0,0,0
1384,AH2,42385148,國泰A50傘型基金之富時中國A50單日正向2倍基金,TWD,2340972432,0,28.9200,0.0000,0,0,0,0
1385,AH2,42389475,國泰日本ETF傘型基金之日經225基金,TWD,269871087,0,24.2800,0.0000,0,0,0,0
1386,AH2,42389480,國泰日本ETF傘型基金之富時日本單日反向1倍基金,TWD,196629603,0,15.0300,0.0000,0,0,0,0
1387,AH2,42389496,國泰日本ETF傘型基金之富時日本單日正向2倍基金,TWD,156415262,0,29.2600,0.0000,0,0,0,0
1388,AA2,42401610A,國泰全球高股息基金-台幣級別,TWD,321967933,0,10.3000,0.0000,462,282,2052000,0
1389,AA2,42401610B,國泰全球高股息基金-美金級別,USD,355607293,11683772,10.2897,0.3381,0,0,0,0
1390,AA2,42401610C,國泰全球高股息基金-人民幣級別,CNY,29447686,6560808,10.2805,2.2905,0,0,0,0
1391,AA2,42401610D,國泰全球高股息基金-澳幣級別,AUD,7107173,303775,10.3402,0.4420,0,0,0,0
1392,AH1,42404258,國泰臺指ETF傘型基金之臺灣加權指數單日反向1倍基金,TWD,3224779824,0,15.9600,0.0000,0,0,0,0
1393,AH1,42404264,國泰臺指ETF傘型基金之臺灣加權指數單日正向2倍基金,TWD,274358457,0,29.4700,0.0000,0,0,0,0
1394,AH2,42443203,國泰美國ETF傘型基金之道瓊工業平均指數單日反向1倍基金基金,TWD,754339957,0,16.5400,0.0000,0,0,0,0
1395,AH2,42443225,國泰美國ETF傘型基金之道瓊工業平均指數基金,TWD,149209390,0,22.7500,0.0000,0,0,0,0
1396,AE21,42470974A,國泰智富傘型基金之ETF成長組合基金-台幣級別A(不配息型),TWD,815342902,0,10.0300,0.0000,138,78,558000,0
1397,AE21,42470974B,國泰智富傘型基金之ETF成長組合基金-美金級別A(不配息型),USD,461544208,15164417,9.9896,0.3282,0,0,0,0
1398,AE21,42470974C,國泰智富傘型基金之ETF成長組合基金-澳幣級別A(不配息型),AUD,36354992,1553888,10.1881,0.4355,0,0,0,0
1399,AE22,42470989A,國泰智富傘型基金之ETF安鑫組合基金-台幣級別A(不配息型),TWD,639499340,0,10.0100,0.0000,41,23,121000,0
1400,AE22,42470989B,國泰智富傘型基金之ETF安鑫組合基金-台幣級別B(配息型),TWD,153092808,0,10.0100,0.0000,0,0,0,0
1401,AE22,42470989C,國泰智富傘型基金之ETF安鑫組合基金-美金級別A(不配息型),USD,299267318,9832676,9.9648,0.3274,0,0,0,0
1402,AE22,42470989D,國泰智富傘型基金之ETF安鑫組合基金-澳幣級別A(不配息型),AUD,29921221,1278895,10.1632,0.4344,0,0,0,0
1403,AE23,42470995A,國泰智富傘型基金之ETF均衡組合基金-台幣級別A(不配息型),TWD,537643675,0,10.0800,0.0000,39,21,140000,0
1404,AE23,42470995B,國泰智富傘型基金之ETF均衡組合基金-台幣級別B(配息型),TWD,303299707,0,10.0800,0.0000,0,0,0,0
1405,AE23,42470995C,國泰智富傘型基金之ETF均衡組合基金-美金級別A(不配息型),USD,390177351,12819600,10.0348,0.3297,0,0,0,0
1406,AE23,42470995D,國泰智富傘型基金之ETF均衡組合基金-澳幣級別A(不配息型),AUD,29922042,1278930,10.2345,0.4374,0,0,0,0
1407,AH2,42482726,國泰美國債券ETF傘型基金之彭博巴克萊20年期(以上)美國公債指數基金,TWD,5203232145,0,40.8780,0.0000,0,0,0,0
1408,AH2,42482731,國泰美國債券ETF傘型基金之彭博巴克萊20年期(以上)美國公債指數單日反向1倍基金,TWD,123421884,0,19.3179,0.0000,0,0,0,0
1409,AH2,42482747,國泰美國債券ETF傘型基金之彭博巴克萊20年期(以上)美國公債指數單日正向2倍基金,TWD,118470608,0,21.0990,0.0000,0,0,0,0
1410,AE23,48681477,國泰幸福階梯傘型基金之全球穩健組合基金,TWD,220851122,0,14.1900,0.0000,225,200,791000,0
1411,AE21,48681504A,國泰幸福階梯傘型基金之全球積極組合基金-台幣級別,TWD,858263162,0,16.5700,0.0000,1210,942,4290000,0
1412,AE21,48681504B,國泰幸福階梯傘型基金之全球積極組合基金-美金級別,USD,0,0,16.5694,0.5444,0,0,0,0
1413,AA2,48832881A,國泰全球基礎建設基金台幣級別,TWD,1114948253,0,12.3600,0.0000,1795,1450,6675000,0
1414,AA2,48832881B,國泰全球基礎建設基金美元級別,USD,121093634,3978632,13.1564,0.4323,0,0,0,0
1415,AA2,48973191A,國泰全球環保趨勢基金台幣級別,TWD,312953079,0,8.0000,0.0000,521,397,2521000,0
1416,AA2,48973191B,國泰全球環保趨勢基金美元級別,USD,0,0,7.9986,0.2628,0,0,0,0
1417,國泰投信,國泰投信,國泰投信,國泰投信,134728358921,,,,82873,57349,327920500,
1418,AA1,13984165,富達台灣成長基金,TWD,1291580452,0,28.6200,0.0000,270,259,2285000,0
1419,AC21,42439952A,富達亞洲總報酬基金累積型新臺幣計價級別,TWD,1019505810,0,10.2200,0.0000,1,1,6000,0
1420,AC21,42439952B,富達亞洲總報酬基金月配息型新臺幣計價級別,TWD,4936530916,0,9.9879,0.0000,2,2,15000,0
1421,AC21,42439952C,富達亞洲總報酬基金累積型美元計價級別,USD,450044887,14786598,315.6305,10.3703,0,0,0,0
1422,AC21,42439952D,富達亞洲總報酬基金月配息型美元計價級別,USD,819027620,26909831,309.1354,10.1569,0,0,0,0
1423,AC21,42439952E,富達亞洲總報酬基金累積型人民幣計價避險級別,CNY,177522528,39529617,47.4910,10.5750,0,0,0,0
1424,AC21,42439952F,富達亞洲總報酬基金月配息型人民幣計價避險級別,CNY,399973600,89063644,45.3336,10.0946,0,0,0,0
1425,AE23,99992354,富達卓越領航全球組合基金,TWD,778172702,0,13.7300,0.0000,895,830,6066000,0
1426,富達投信,富達投信,富達投信,富達投信,9872358515,,,,1168,1092,8372000,
1427,AD1,13999821,德銀遠東DWS台灣貨幣市場基金,TWD,2441600663,0,11.6035,0.0000,0,0,0,0
1428,AA1,14545897,德銀遠東DWS科技基金,TWD,141816184,0,14.9900,0.0000,20,19,96000,0
1429,AA1,18499732,德銀遠東DWS台灣旗艦基金,TWD,285495648,0,17.4500,0.0000,25,25,116000,0
1430,AE23,25594177A,德銀遠東DWS多元集利組合基金累積型,TWD,56649027,0,10.5200,0.0000,0,0,0,0
1431,AE23,25594177B,德銀遠東DWS多元集利組合基金分配型,TWD,14340094,0,7.7800,0.0000,0,0,0,0
1432,AA2,26263787,德銀遠東DWS全球神農基金,TWD,149098682,0,9.6500,0.0000,0,0,0,0
1433,AC23,26300262A,德銀遠東DWS亞洲高收益債券基金累積型,TWD,51055717,0,12.9918,0.0000,0,0,0,0
1434,AC23,26300262B,德銀遠東DWS亞洲高收益債券基金分配型,TWD,476262864,0,8.6423,0.0000,0,0,0,0
1435,AC23,26300262C,德銀遠東DWS亞洲高收益債券基金美元級別-累積型,USD,186123,6115,343.0000,11.2765,0,0,0,0
1436,AC23,26300262D,德銀遠東DWS亞洲高收益債券基金美元級別-分配型,USD,27355010,898772,354.0000,11.6346,0,0,0,0
1437,AC23,26300262E,德銀遠東DWS亞洲高收益債券基金人民幣級別-累積型,CNY,4026374,897057,66.0000,14.6055,0,0,0,0
1438,AC23,26300262F,德銀遠東DWS亞洲高收益債券基金人民幣級別-分配型,CNY,1665242,371008,49.0000,10.8727,0,0,0,0
1439,AA2,38529930A,德銀遠東DWS全球生技創新基金新臺幣級別,TWD,58046067,0,11.6000,0.0000,0,0,0,0
1440,AA2,38529930B,德銀遠東DWS全球生技創新基金美元級別,USD,14987929,492441,348.0000,11.4500,0,0,0,0
1441,AA2,99632577,德銀遠東DWS全球原物料能源基金,TWD,823053771,0,16.9000,0.0000,7,6,30000,0
1442,德銀遠東投信,德銀遠東投信,德銀遠東投信,德銀遠東投信,4545639395,,,,52,50,242000,
1443,AA1,13539952,凱基開創基金,TWD,238074253,0,21.8400,0.0000,207,199,912000,0
1444,AD1,14703038,凱基凱旋貨幣市場基金,TWD,2043886983,0,11.4986,0.0000,0,0,0,0
1445,AA1,25612029,凱基台灣精五門基金,TWD,475972900,0,20.4600,0.0000,1180,1090,4634000,0
1446,AE21,25691430,凱基新興趨勢ETF組合基金,TWD,167435144,0,7.4000,0.0000,62,52,260000,0
1447,AA2,26258172,凱基資源國基金,TWD,105058365,0,9.3600,0.0000,88,80,316000,0
1448,AA2,26323981,凱基新興市場中小基金,TWD,334388695,0,16.8400,0.0000,413,373,1947000,0
1449,AA2,31884076,凱基雲端趨勢基金,TWD,203098202,0,16.9800,0.0000,558,522,2304000,0
1450,AC21,31977320A,凱基新興亞洲債券基金-不配息型,TWD,53868117,0,10.3770,0.0000,52,50,206000,0
1451,AC21,31977320B,凱基新興亞洲債券基金-配息型,TWD,54342066,0,8.5931,0.0000,0,0,0,0
1452,AA2,38533667,凱基亞太高股息基金,TWD,121384440,0,12.3700,0.0000,51,46,170000,0
1453,AA2,38590907A,凱基護城河基金-台幣計價A,TWD,272619456,0,11.5000,0.0000,190,169,876000,0
1454,AA2,38590907B,凱基護城河基金-美元計價B,USD,33332807,1095177,347.1352,11.4054,0,0,0,0
1455,AA2,42306377A,凱基亞洲護城河基金-新台幣計價A,TWD,195473200,0,11.5200,0.0000,53,49,305000,0
1456,AA2,42306377B,凱基亞洲護城河基金-美元計價B,USD,21015668,690487,360.0510,11.8298,0,0,0,0
1457,AA2,42306377C,凱基亞洲護城河基金-人民幣計價C,CNY,7233388,1611542,57.9900,12.9200,0,0,0,0
1458,AA2,42402738A,凱基銀髮商機基金-新台幣計價A,TWD,580065056,0,10.5700,0.0000,28,23,217000,0
1459,AA2,42402738B,凱基銀髮商機基金-美元計價B,USD,62659425,2058727,340.3908,11.1838,0,0,0,0
1460,AA2,42402738C,凱基銀髮商機基金-人民幣計價C,CNY,9809200,2185412,50.8200,11.3200,0,0,0,0
1461,AB2,42453588A,凱基全球高效平衡基金(台幣),TWD,623803262,0,9.9000,0.0000,0,0,0,0
1462,AB2,42453588B,凱基全球高效平衡基金(台幣月配息),TWD,243608162,0,9.7600,0.0000,0,0,0,0
1463,AB2,42453588C,凱基全球高效平衡基金(美元),USD,102947273,3382418,313.1722,10.2895,0,0,0,0
1464,AA2,42485940A,凱基醫院及長照產業基金(新台幣),TWD,1929469715,0,10.0700,0.0000,16,12,75000,0
1465,AA2,42485940B,凱基醫院及長照產業基金(美元),USD,906201962,29774016,302.7848,9.9482,0,0,0,0
1466,AA2,48882220,凱基台商天下基金,TWD,358539431,0,12.6400,0.0000,98,83,452000,0
1467,AA2,48997927,凱基亞洲四金磚基金,TWD,256963418,0,15.6300,0.0000,171,154,706000,0
1468,凱基投信,凱基投信,凱基投信,凱基投信,9401250588,,,,3167,2902,13380000,
1469,AD1,14553777,施羅德新紀元貨幣市場基金,TWD,607214270,0,11.6107,0.0000,5,5,19000,0
1470,AC23,26265912A,施羅德全球策略高收益債券基金-累積,TWD,52634194,0,10.7585,0.0000,0,0,0,0
1471,AC23,26265912B,施羅德全球策略高收益債券基金-分配,TWD,477112283,0,6.7945,0.0000,0,0,0,0
1472,AC23,26265912C,施羅德全球策略高收益債券基金(人民幣)-配息型,CNY,2480967,552634,51.4687,11.4646,0,0,0,0
1473,AC23,31825598A,施羅德中國高收益債券基金-累積型,TWD,174899085,0,11.7728,0.0000,0,0,0,0
1474,AC23,31825598B,施羅德中國高收益債券基金-分配型,TWD,1011251515,0,9.0767,0.0000,0,0,0,0
1475,AC23,31825598C,施羅德中國高收益債券基金(美元)-累積型,USD,192013334,6308757,12.7087,0.4176,0,0,0,0
1476,AC23,31825598D,施羅德中國高收益債券基金(美元)-分配型,USD,32893888,1080756,9.5700,0.3144,0,0,0,0
1477,AC23,31825598E,施羅德中國高收益債券基金(人民幣)-累積型,CNY,381858833,85058824,12.2705,2.7332,0,0,0,0
1478,AC23,31825598F,施羅德中國高收益債券基金(人民幣)-分配型,CNY,1490388633,331983168,9.6083,2.1402,0,0,0,0
1479,AC21,31999979A,施羅德中國債券基金(美元)-累積型,USD,32323538,1062017,325.8457,10.7059,0,0,0,0
1480,AC21,31999979B,施羅德中國債券基金(美元)-分配型,USD,138914939,4564165,280.4905,9.2157,0,0,0,0
1481,AC21,31999979C,施羅德中國債券基金(人民幣)-累積型,CNY,230604199,51366946,54.1303,12.0575,0,0,0,0
1482,AC21,31999979D,施羅德中國債券基金(人民幣)-分配型,CNY,397799604,88609621,46.6804,10.3980,0,0,0,0
1483,AC21,42440509A,施羅德四年到期主權債券基金-配息型,TWD,646750844,0,10.1950,0.0000,0,0,0,0
1484,AC21,42440509B,施羅德四年到期主權債券基金(美元)-累積型,USD,580066193,19058555,316.5766,10.4014,0,0,0,0
1485,AC21,42440509C,施羅德四年到期主權債券基金(美元)-配息型,USD,1983422830,65167001,311.0990,10.2214,0,0,0,0
1486,AC21,42478666A,施羅德六年到期新興市場主權債券基金-累積型,TWD,188111558,0,10.1230,0.0000,0,0,0,0
1487,AC21,42478666B,施羅德六年到期新興市場主權債券基金(美元)-累積型,USD,3150096553,103499032,308.4427,10.1341,0,0,0,0
1488,AC21,42517577A,施羅德四年到期新興市場主權債券基金-累積型,TWD,66474033,0,9.9274,0.0000,0,0,0,0
1489,AC21,42517577B,施羅德四年到期新興市場主權債券基金-配息型,TWD,285873942,0,9.9549,0.0000,0,0,0,0
1490,AC21,42517577C,施羅德四年到期新興市場主權債券基金(美元)-累積型,USD,1245709968,40928833,302.3653,9.9345,0,0,0,0
1491,AC21,42517577D,施羅德四年到期新興市場主權債券基金(美元)-配息型,USD,1204774412,39583862,302.3653,9.9345,0,0,0,0
1492,AA1,48948834A,施羅德樂活中小基金-A類型,TWD,230509973,0,17.7000,0.0000,3,3,13000,0
1493,AA1,48948834B,施羅德樂活中小基金-I類型,TWD,58181266,0,3963.0600,0.0000,0,0,0,0
1494,施羅德投信,施羅德投信,施羅德投信,施羅德投信,14862360854,,,,8,8,32000,
1495,AA1,14694495,華頓台灣基金,TWD,403494750,0,20.5500,0.0000,687,394,2148000,0
1496,AD1,15566790,華頓平安貨幣市場基金,TWD,9441420233,0,11.4696,0.0000,0,0,0,0
1497,AC23,25652470A,華頓全球高收益債券基金A,TWD,449060749,0,13.5775,0.0000,13,13,60000,0
1498,AC23,25652470B,華頓全球高收益債券基金B,TWD,413513538,0,9.0798,0.0000,22,17,206000,0
1499,AC21,31828693A,華頓新興亞太債券基金A,TWD,143406630,0,10.7946,0.0000,13,12,65000,0
1500,AC21,31828693B,華頓新興亞太債券基金B,TWD,101593433,0,8.6388,0.0000,4,4,20000,0
1501,AB2,38634406,華頓中國多重機會平衡基金,TWD,397256956,0,11.5905,0.0000,1209,699,4253000,0
1502,AA2,48712112,華頓全球黑鑽油源基金,TWD,238977075,0,5.6000,0.0000,27,22,118000,0
1503,AA2,48842261,華頓全球時尚精品基金,TWD,141636021,0,14.4500,0.0000,41,38,221000,0
1504,AA1,80892778,華頓中小型基金,TWD,401867293,0,21.7700,0.0000,969,651,3438000,0
1505,華頓投信,華頓投信,華頓投信,華頓投信,12132226678,,,,2985,1850,10529000,
1506,AA2,31923248,惠理康和兩岸價值基金,TWD,121734259,0,9.7300,0.0000,2,2,6000,0
1507,惠理康和投信,惠理康和投信,惠理康和投信,惠理康和投信,121734259,,,,2,2,6000,
1508,AA1,15733973,富蘭克林華美第一富基金,TWD,759385939,0,33.2400,0.0000,1496,1128,7103000,0
1509,AE22,21718768A,富蘭克林華美全球債券組合基金-累計型,TWD,1546529092,0,13.2711,0.0000,469,400,1790000,0
1510,AE22,21718768B,富蘭克林華美全球債券組合基金-分配型,TWD,786980165,0,9.0276,0.0000,0,0,0,0
1511,AE22,21718768C,富蘭克林華美全球債券組合基金-美元累計型,USD,2477481,81400,315.3215,10.3601,0,0,0,0
1512,AE22,21718768D,富蘭克林華美全球債券組合基金-美元分配型,USD,161973,5322,305.6671,10.0430,0,0,0,0
1513,AA2,25515602,富蘭克林華美中華基金,TWD,736087412,0,12.7900,0.0000,709,519,3501000,0
1514,AE21,25687668,富蘭克林華美新興趨勢傘型基金之天然資源組合基金,TWD,722090548,0,6.7665,0.0000,603,418,2905000,0
1515,AE22,25687674A,富蘭克林華美新興趨勢傘型基金之積極回報債券組合基金-累計型,TWD,367331236,0,11.1180,0.0000,173,152,823000,0
1516,AE22,25687674B,富蘭克林華美新興趨勢傘型基金之積極回報債券組合基金-分配型,TWD,851669404,0,7.8152,0.0000,0,0,0,0
1517,AE22,25687674C,富蘭克林華美新興趨勢傘型基金之積極回報債券組合基金-美元累計型,USD,2115055,69492,320.1767,10.5197,0,0,0,0
1518,AE22,25687674D,富蘭克林華美新興趨勢傘型基金之積極回報債券組合基金-美元分配型,USD,14263262,468631,307.5609,10.1052,0,0,0,0
1519,AE22,25687674E,富蘭克林華美新興趨勢傘型基金之積極回報債券組合基金-人民幣累計型,CNY,6774678,1509946,50.4618,11.2470,0,0,0,0
1520,AE22,25687674F,富蘭克林華美新興趨勢傘型基金之積極回報債券組合基金-人民幣分配型,CNY,4071052,907359,47.4480,10.5752,0,0,0,0
1521,AE21,25687689,富蘭克林華美新興趨勢傘型基金之新興市場股票組合基金,TWD,212458913,0,10.7177,0.0000,329,257,1602000,0
1522,AA2,26287795A,富蘭克林華美中國消費基金-新臺幣,TWD,2971309578,0,9.4500,0.0000,2401,1625,11508000,0
1523,AA2,26287795B,富蘭克林華美中國消費基金-人民幣,CNY,70729304,15757465,44.9900,10.0200,3,1,9426,2100
1524,AA2,26287795C,富蘭克林華美中國消費基金-美元,USD,64361597,2114654,331.6400,10.9000,0,0,0,0
1525,AA1,26310297,富蘭克林華美台股傘型基金之高科技基金,TWD,408530954,0,18.2500,0.0000,760,494,4075000,0
1526,AA1,26310310,富蘭克林華美台股傘型基金之傳產基金,TWD,452225961,0,18.0300,0.0000,1018,700,4945000,0
1527,AC23,31836244A,富蘭克林華美全球高收益債券基金-新台幣A累積型,TWD,3381615093,0,10.7388,0.0000,534,411,2746000,0
1528,AC23,31836244B,富蘭克林華美全球高收益債券基金-新台幣B分配型,TWD,10928041721,0,8.1268,0.0000,0,0,0,0
1529,AC23,31836244C,富蘭克林華美全球高收益債券基金-美元A累積型,USD,562771298,18490317,306.6365,10.0748,1,1,15218,500
1530,AC23,31836244D,富蘭克林華美全球高收益債券基金-美元B分配型,USD,525172672,17254983,248.2604,8.1568,0,0,0,0
1531,AC23,31836244E,富蘭克林華美全球高收益債券基金-澳幣A累積型,AUD,99752122,4262637,242.4465,10.3603,0,0,0,0
1532,AC23,31836244F,富蘭克林華美全球高收益債券基金-澳幣B分配型,AUD,136698185,5841427,192.1889,8.2127,0,0,0,0
1533,AC23,31836244G,富蘭克林華美全球高收益債券基金-人民幣A累積型,CNY,209638837,46704497,48.4374,10.7912,5,2,14812,3300
1534,AC23,31836244H,富蘭克林華美全球高收益債券基金-人民幣B分配型,CNY,298263303,66448744,41.3248,9.2066,0,0,0,0
1535,AC23,31836244I,富蘭克林華美全球高收益債券基金-南非幣A累積型,ZAR,3321853,1426969,28.8036,12.3731,0,0,0,0
1536,AC23,31836244J,富蘭克林華美全球高收益債券基金-南非幣B分配型,ZAR,12104715,5199825,25.3400,10.8853,0,0,0,0
1537,AC23,31836244K,富蘭克林華美全球高收益債券基金-新台幣C分配型,TWD,181858398,0,9.8602,0.0000,0,0,0,0
1538,AC23,31836244L,富蘭克林華美全球高收益債券基金-美元C分配型,USD,38638062,1269486,300.7995,9.8830,0,0,0,0
1539,AC23,31836244M,富蘭克林華美全球高收益債券基金-人民幣C分配型,CNY,137523986,30638352,44.6233,9.9414,0,0,0,0
1540,AD1,31897044,富蘭克林華美貨幣市場基金,TWD,34856088765,0,10.2511,0.0000,0,0,0,0
1541,AC21,31920832A,富蘭克林華美全球投資級債券基金-累積型,TWD,319701188,0,9.5441,0.0000,163,114,778000,0
1542,AC21,31920832B,富蘭克林華美全球投資級債券基金-分配型,TWD,280245296,0,8.4273,0.0000,0,0,0,0
1543,AC21,31920832C,富蘭克林華美全球投資級債券基金-美元累積型,USD,7612743,250123,300.8121,9.8834,0,0,0,0
1544,AC21,31920832D,富蘭克林華美全球投資級債券基金-美元分配型,USD,2974440,97728,292.9877,9.6264,0,0,0,0
1545,AC23,38547418A,富蘭克林華美中國傘型基金之中國高收益債券基金-新臺幣,TWD,518325758,0,9.1670,0.0000,32,19,114000,0
1546,AC23,38547418B,富蘭克林華美中國傘型基金之中國高收益債券基金-人民幣,CNY,2073757,462003,45.0462,10.0356,0,0,0,0
1547,AC23,38547418C,富蘭克林華美中國傘型基金之中國高收益債券基金-美元,USD,3330058,109412,288.6141,9.4827,0,0,0,0
1548,AA2,38547424A,富蘭克林華美中國傘型基金之中國A股基金-新臺幣,TWD,9410019727,0,10.5500,0.0000,2283,1413,12949000,0
1549,AA2,38547424B,富蘭克林華美中國傘型基金之中國A股基金-人民幣,CNY,463487323,103258263,42.2900,9.4200,1,1,7182,1600
1550,AA2,38547424C,富蘭克林華美中國傘型基金之中國A股基金-美元,USD,1786985817,58712900,332.9300,10.9400,2,1,30436,1000
1551,AA2,38639351A,富蘭克林華美全球成長基金-新台幣,TWD,1398451015,0,10.0900,0.0000,790,581,3676000,0
1552,AA2,38639351B,富蘭克林華美全球成長基金-美元,USD,251571937,8265604,320.4400,10.5300,1,1,3009,100
1553,AB2,42392226A,富蘭克林華美多重收益平衡基金-新台幣(累積型),TWD,1177752618,0,9.7800,0.0000,144,118,571000,0
1554,AB2,42392226B,富蘭克林華美多重收益平衡基金-新台幣(分配型),TWD,631996639,0,9.3000,0.0000,0,0,0,0
1555,AB2,42392226C,富蘭克林華美多重收益平衡基金-美元(累積型),USD,36998187,1215606,319.8200,10.5100,0,0,0,0
1556,AB2,42392226D,富蘭克林華美多重收益平衡基金-美元(分配型),USD,80072273,2630841,304.1800,9.9900,0,0,0,0
1557,AB2,42392226E,富蘭克林華美多重收益平衡基金-人民幣(累積型),CNY,57413539,12790905,47.7400,10.6400,0,0,0,0
1558,AB2,42392226F,富蘭克林華美多重收益平衡基金-人民幣(分配型),CNY,35282848,7860508,45.0200,10.0300,0,0,0,0
1559,AB2,42392226G,富蘭克林華美多重收益平衡基金-南非幣(累積型),ZAR,2602618,1118007,25.1700,10.8100,0,0,0,0
1560,AB2,42392226H,富蘭克林華美多重收益平衡基金-南非幣(分配型),ZAR,16774974,7206030,22.7800,9.7900,0,0,0,0
1561,AB2,42407614A,富蘭克林華美亞太平衡基金-新台幣(累積型),TWD,924632117,0,10.1200,0.0000,162,128,754000,0
1562,AB2,42407614B,富蘭克林華美亞太平衡基金-新台幣(分配型),TWD,273096571,0,9.8900,0.0000,0,0,0,0
1563,AB2,42407614C,富蘭克林華美亞太平衡基金-美元(累積型),USD,209781490,6892545,317.6800,10.4400,0,0,0,0
1564,AB2,42407614D,富蘭克林華美亞太平衡基金-美元(分配型),USD,149629081,4916187,310.3900,10.2000,0,0,0,0
1565,AB2,42407614E,富蘭克林華美亞太平衡基金-人民幣(分配型),CNY,167811702,37386017,46.5000,10.3600,0,0,0,0
1566,AA2,42483963A,富蘭克林華美策略高股息基金-新台幣累積型,TWD,1903337785,0,10.0200,0.0000,237,159,1038000,0
1567,AA2,42483963B,富蘭克林華美策略高股息基金-新台幣分配型,TWD,257492798,0,10.0200,0.0000,0,0,0,0
1568,AA2,42483963C,富蘭克林華美策略高股息基金-美元累積型,USD,837038003,27501577,301.8800,9.9200,0,0,0,0
1569,AA2,42483963D,富蘭克林華美策略高股息基金-美元分配型,USD,169788157,5578531,301.8800,9.9200,0,0,0,0
1570,AE21,48858299,富蘭克林華美坦伯頓全球股票組合基金,TWD,877492550,0,12.0448,0.0000,940,737,3996000,0
1571,AA2,48997270A,富蘭克林華美新世界股票基金-新臺幣,TWD,1525194823,0,13.5600,0.0000,1681,1218,8212000,0
1572,AA2,48997270B,富蘭克林華美新世界股票基金-美元,USD,27200023,893679,360.3600,11.8400,0,0,0,0
1573,AA2,48997270C,富蘭克林華美新世界股票基金-人民幣,CNY,12958717,2887014,56.3400,12.5500,1,1,2693,600
1574,富蘭克林華美投信,富蘭克林華美投信,富蘭克林華美投信,富蘭克林華美投信,85170169186,,,,14938,10599,73168776,
1575,AA1,17602821,台新2000高科技基金,TWD,898774531,0,30.0900,0.0000,836,634,5847000,0
1576,AD1,19341387,台新1699貨幣市場基金,TWD,33671938372,0,13.4203,0.0000,0,0,0,0
1577,AB1,21719942,台新高股息平衡基金,TWD,638243008,0,28.5083,0.0000,457,318,2852000,0
1578,AA2,25691213,台新中國精選中小基金,TWD,558724883,0,10.3600,0.0000,228,157,1222000,0
1579,AA2,26291783,台新新興傘型基金之台新新興市場機會股票基金,TWD,184898162,0,5.5400,0.0000,106,70,502000,0
1580,AA2,26322646,台新印度基金,TWD,208802014,0,14.1200,0.0000,346,220,2124000,0
1581,AC23,31829551A,台新亞澳高收益債券基金(累計型),TWD,577060903,0,12.1785,0.0000,42,24,185000,0
1582,AC23,31829551B,台新亞澳高收益債券基金(月配息型),TWD,305467799,0,9.3893,0.0000,8,4,140000,0
1583,AC23,31829551C,台新亞澳高收益債券基金(累計型)-USD,USD,108964213,3580110,12.1774,0.4001,0,0,0,0
1584,AC23,31829551D,台新亞澳高收益債券基金(月配息型)-USD,USD,21809165,716558,9.5660,0.3143,0,0,0,0
1585,AI2,31897939,台新羅傑斯環球資源指數基金,TWD,90436695,0,9.5010,0.0000,156,95,1078000,0
1586,AC21,31969530A,台新新興市場債券基金(A類型),TWD,217751142,0,10.7436,0.0000,19,13,123000,0
1587,AC21,31969530B,台新新興市場債券基金(B類型),TWD,202770357,0,8.5438,0.0000,2,2,20000,0
1588,AC21,31969530C,台新新興市場債券基金(A類型)-USD,USD,167581936,5506043,10.7074,0.3518,0,0,0,0
1589,AC21,31969530D,台新新興市場債券基金(B類型)-USD,USD,466599,15331,8.6043,0.2827,0,0,0,0
1590,AI2,38527497,台新中國傘型基金之台新中証消費服務領先指數基金,TWD,2608407437,0,13.7530,0.0000,700,453,4575000,0
1591,AG,42320259A,台新全球不動產入息基金(累積型)-新臺幣,TWD,195871465,0,9.3500,0.0000,16,14,88000,0
1592,AG,42320259B,台新全球不動產入息基金(月配息型)-新臺幣,TWD,173282088,0,8.7500,0.0000,4,2,50000,0
1593,AG,42320259C,台新全球不動產入息基金(累積型)-美元,USD,48864365,1605479,306.8400,10.0815,0,0,0,0
1594,AG,42320259D,台新全球不動產入息基金(月配息型)-美元,USD,42505062,1396539,286.9900,9.4294,0,0,0,0
1595,AG,42320259E,台新全球不動產入息基金(月配息型)-人民幣,CNY,25874006,5753727,44.9300,9.9920,0,0,0,0
1596,AE23,42385490A,台新全球多元資產組合基金(累積型)-新臺幣,TWD,621725391,0,10.0200,0.0000,8,7,27000,0
1597,AE23,42385490B,台新全球多元資產組合基金(月配息型)-新臺幣,TWD,205083676,0,9.7200,0.0000,0,0,0,0
1598,AE23,42385490C,台新全球多元資產組合基金(累積型)-美元,USD,38282625,1257807,323.4400,10.6268,0,0,0,0
1599,AE23,42385490D,台新全球多元資產組合基金(月配息型)-美元,USD,58212059,1912605,313.6700,10.3059,0,0,0,0
1600,AD2,42452949A,台新中美貨幣市場基金-新台幣,TWD,243567894,0,9.7390,0.0000,0,0,0,0
1601,AD2,42452949B,台新中美貨幣市場基金-美元,USD,47978196,1576363,310.8916,10.2146,0,0,0,0
1602,AD2,42452949C,台新中美貨幣市場基金-人民幣,CNY,5855656,1304613,44.7774,9.9762,0,0,0,0
1603,AC23,42484962A,台新絲路機會高收益債券基金(累積型)-新臺幣,TWD,847235839,0,10.0211,0.0000,11,5,77000,0
1604,AC23,42484962B,台新絲路機會高收益債券基金(月配息型)-新臺幣,TWD,261247499,0,10.0211,0.0000,4,2,40000,0
1605,AC23,42484962C,台新絲路機會高收益債券基金(累積型)-美元,USD,618860654,20333180,302.1412,9.9271,0,0,0,0
1606,AC23,42484962D,台新絲路機會高收益債券基金(月配息型)-美元,USD,390018420,12814378,302.2477,9.9306,0,0,0,0
1607,AG,48753605A,台新北美收益資產證券化基金(A),TWD,1671671815,0,19.6000,0.0000,439,317,2413000,0
1608,AG,48753605B,台新北美收益資產證券化基金(B),TWD,636975403,0,15.5700,0.0000,58,39,625000,0
1609,AG,48753605C,台新北美收益資產證券化基金(A)-USD,USD,119841509,3937492,19.7100,0.6475,0,0,0,0
1610,AG,48753605D,台新北美收益資產證券化基金(B)-USD,USD,145364781,4776080,15.6300,0.5137,0,0,0,0
1611,AA1,48858663,台新主流基金,TWD,416252256,0,20.5500,0.0000,671,481,4200000,0
1612,AC21,48870809,台新亞美短期債券基金,TWD,94291125,0,10.8871,0.0000,5,5,109000,0
1613,AD1,73987460,台新大眾貨幣市場基金,TWD,13221103835,0,14.0948,0.0000,0,0,0,0
1614,AA1,80894446,台新中國通基金,TWD,316213151,0,38.0500,0.0000,574,386,4022000,0
1615,AA1,81588536,台新台灣中小基金,TWD,203958870,0,32.3500,0.0000,213,169,1753000,0
1616,AD1,99949293,台新真吉利貨幣市場基金,TWD,3814624045,0,11.0431,0.0000,0,0,0,0
1617,台新投信,台新投信,台新投信,台新投信,64926858901,,,,4903,3417,32072000,
1618,AA1,26320632,合庫台灣基金,TWD,348491187,0,10.9400,0.0000,7,7,23000,0
1619,AC23,31890485A,合庫全球高收益債券基金A類型,TWD,938889657,0,11.3266,0.0000,8,8,33000,0
1620,AC23,31890485B,合庫全球高收益債券基金B類型,TWD,3625757438,0,8.8333,0.0000,1,1,10000,0
1621,AC23,31890485C,合庫全球高收益債券基金A類型(美元),USD,42459362,1395038,327.6403,10.7649,0,0,0,0
1622,AC23,31890485D,合庫全球高收益債券基金B類型(美元),USD,238076202,7822191,290.1274,9.5324,0,0,0,0
1623,AC23,31890485E,合庫全球高收益債券基金A類型(澳幣),AUD,26053655,1114022,272.1523,11.6369,0,0,0,0
1624,AC23,31890485F,合庫全球高收益債券基金B類型(澳幣),AUD,61369271,2624074,230.3363,9.8489,0,0,0,0
1625,AC23,31890485G,合庫全球高收益債券基金A類型(人民幣),CNY,33870942,7544731,52.7325,11.7461,0,0,0,0
1626,AC23,31890485H,合庫全球高收益債券基金B類型(人民幣),CNY,218518085,48674767,45.2355,10.0762,0,0,0,0
1627,AC23,31890485I,合庫全球高收益債券基金C類型(美元),USD,42337555,1391035,303.9659,9.9871,0,0,0,0
1628,AA2,31922640,合庫全球新興市場基金,TWD,335552967,0,8.8700,0.0000,3,3,11000,0
1629,AE22,31972676A,合庫新興多重收益基金A類型,TWD,227639177,0,10.4435,0.0000,4,4,13000,0
1630,AE22,31972676B,合庫新興多重收益基金B類型,TWD,1300692551,0,8.6666,0.0000,0,0,0,0
1631,AE22,31972676C,合庫新興多重收益基金A類型(南非幣),ZAR,22832710,9801576,31.0610,13.3338,0,0,0,0
1632,AE22,31972676D,合庫新興多重收益基金B類型(南非幣),ZAR,41774885,17933032,25.4075,10.9069,0,0,0,0
1633,AE22,31972676E,合庫新興多重收益基金A類型(人民幣),CNY,20532437,4573588,51.7657,11.5308,0,0,0,0
1634,AE22,31972676F,合庫新興多重收益基金B類型(人民幣),CNY,76923364,17134631,43.0383,9.5868,0,0,0,0
1635,AD1,42299571,合庫貨幣市場基金,TWD,35448446117,0,10.0814,0.0000,0,0,0,0
1636,AA2,42375676A,合庫全球高股息基金A(TWD不配息),TWD,706546064,0,9.7500,0.0000,1,1,3000,0
1637,AA2,42375676B,合庫全球高股息基金B(TWD配息),TWD,203144552,0,9.3500,0.0000,0,0,0,0
1638,AA2,42375676C,合庫全球高股息基金A(USD不配息),USD,8511021,279637,322.5338,10.6000,0,0,0,0
1639,AA2,42375676D,合庫全球高股息基金B(USD配息),USD,6940972,228051,313.6964,10.3100,0,0,0,0
1640,AE23,42463164A,合庫多元入息組合基金-A類(TWD不配息),TWD,218481175,0,10.1400,0.0000,0,0,0,0
1641,AE23,42463164B,合庫多元入息組合基金-B類(TWD配息),TWD,179645962,0,10.1000,0.0000,0,0,0,0
1642,AE23,42463164C,合庫多元入息組合基金-A類(USD不配息),USD,74499181,2447732,311.5357,10.2400,0,0,0,0
1643,AE23,42463164D,合庫多元入息組合基金-B類(USD配息),USD,89781303,2949839,310.2849,10.1900,0,0,0,0
1644,合庫投信,合庫投信,合庫投信,合庫投信,44537767792,,,,24,24,93000,
1645,AF,42440389,大華銀人民幣保本基金,CNY,1359125928,302806969,44.9464,10.0139,0,0,0,0
1646,AA1,42455241,大華銀臺灣Smart Beta基金,TWD,83767228,0,10.5100,0.0000,0,0,0,0
1647,大華銀投信,大華銀投信,大華銀投信,大華銀投信,1442893156,,,,0,0,0,
1648,總計,總計,總計,總計,2217552819295,,,,601945,456365,3089723244,
